3703287.1935367584 22480.14 36.00 8.50 64.77
3703287.1935367584 61.25 3.00 -9.50 37.59
3703287.1935367584 74.21 -10.00 -19.00 16.10
3703287.1935367584 62.92 -10.00 -19.00 0.00
3705733.243703842 602.53 23.00 -1.50 60.08
3712387.24732399 1062.71 23.00 4.00 29.61
3712387.24732399 71.26 25.00 -20.00 24.08
3712387.24732399 63.28 25.00 -20.00 0.00
3718373.484134674 930.81 19.00 -21.00 4.72
3718373.484134674 66.01 10.50 -14.00 11.01
3718373.484134674 71.96 10.50 -14.00 0.00
3718373.484134674 64.09 12.50 -11.50 3.20
3718373.484134674 65.77 13.50 -9.50 2.24
3718373.484134674 65.51 12.50 -13.00 3.64
3718373.484134674 63.18 12.50 -13.00 0.00
3718373.484134674 63.72 14.00 -14.50 2.12
3718373.484134674 64.78 15.00 -11.00 3.64
3718373.484134674 73.79 15.00 -15.00 4.00
3718373.484134674 76.42 15.00 -15.00 0.00
3718373.484134674 66.02 17.00 -12.00 3.61
3718373.484134674 72.46 21.00 -9.50 4.72
3718373.484134674 66.66 18.00 -9.50 3.00
3718373.484134674 74.59 18.00 -9.50 0.00
3718373.484134674 65.64 17.00 -11.00 1.80
3718373.484134674 64.80 16.50 -7.50 3.54
3718373.484134674 72.71 16.00 -7.00 0.71
3718373.484134674 66.69 16.00 -7.00 0.00
3718373.484134674 70.14 16.00 -7.50 0.50
3718373.484134674 66.62 14.00 -9.00 2.50
3718373.484134674 66.90 14.00 -11.50 2.50
3718373.484134674 61.39 15.00 -11.50 1.00
3718373.484134674 77.28 15.00 -11.50 0.00
3718373.484134674 60.30 16.00 -13.00 1.80
3718373.484134674 62.74 16.00 -19.00 6.00
3718373.484134674 71.74 16.00 -19.00 0.00
3718373.484134674 67.57 16.00 -16.50 2.50
3718373.484134674 79.69 16.00 -16.00 0.50
3718373.484134674 68.67 18.00 -21.00 5.39
3718373.484134674 71.42 18.50 -15.00 6.02
3718373.484134674 69.77 18.50 -15.00 0.00
3718373.484134674 63.36 16.50 -11.00 4.47
3718373.484134674 66.16 16.00 -12.50 1.58
3718373.484134674 60.65 18.00 -14.00 2.50
3718373.484134674 65.99 18.00 -14.00 0.00
3718373.484134674 64.52 17.50 -11.50 2.55
3718373.484134674 74.11 16.00 -12.00 1.58
3718373.484134674 65.54 16.00 -12.00 0.00
3718373.484134674 81.06 14.50 -13.50 2.12
3718373.484134674 69.62 14.00 -16.50 3.04
3718373.484134674 67.41 13.50 -18.50 2.06
3718373.484134674 70.16 13.00 -17.50 1.12
3718373.484134674 65.26 13.00 -17.50 0.00
3718373.484134674 65.39 12.50 -18.00 0.71
3719009.0370178223 321.51 10.50 -22.00 2.06
3719009.0370178223 65.74 10.50 -22.00 0.00
3866793.766975403 4515.30 -22.00 18.50 13.45
3866793.766975403 72.33 -27.50 -2.00 21.22
3866793.766975403 67.99 -27.50 -2.00 0.00
3866793.766975403 64.56 -28.00 -17.00 15.01
3867863.5222911835 413.55 36.00 -13.50 18.31
3867863.5222911835 60.78 36.00 -13.50 0.00
4114785.4874134064 5912.16 9.00 -15.00 28.47
4114785.4874134064 79.59 9.00 -15.00 0.00
4114785.4874134064 69.41 26.00 11.00 31.06
4200023.9980220795 3414.15 21.00 -2.00 36.53
4203778.149604797 742.64 17.00 10.00 19.92
4203778.149604797 60.66 8.50 -5.50 17.68
4203778.149604797 68.79 8.50 -5.50 0.00
4203778.149604797 71.52 4.50 -16.00 11.24
4207667.646884918 777.61 -38.00 -22.00 2.69
4207667.646884918 63.55 -38.00 -22.00 0.00
4207667.646884918 64.72 -36.50 -21.00 1.80
4207667.646884918 76.56 -36.00 -19.50 1.58
4207667.646884918 67.16 -32.00 -20.00 4.03
4207667.646884918 71.19 -32.00 -20.00 0.00
4207667.646884918 67.01 -32.50 -22.00 2.06
4433848.379850388 5580.38 -38.00 10.50 16.03
4433848.379850388 66.64 -37.00 -6.00 16.53
4433848.379850388 78.88 -37.00 -6.00 0.00
4478180.384397507 2467.92 27.00 5.50 78.58
5275820.374250412 10406.25 -6.00 15.50 127.96
5412889.307260513 4394.26 -15.00 -17.50 25.46
5412889.307260513 64.59 -16.00 -5.00 12.54
5412889.307260513 66.90 -16.00 -5.00 0.00
5412889.307260513 64.64 -9.00 10.00 16.55
5412889.307260513 75.95 -7.00 17.50 7.76
5412889.307260513 70.82 -5.00 21.00 4.03
5412889.307260513 76.09 -5.00 21.00 0.00
5412889.307260513 65.23 -4.00 19.50 1.80
5412889.307260513 67.35 -2.00 20.50 2.24
5412889.307260513 60.06 -1.00 16.00 4.61
5412889.307260513 59.69 -1.00 16.00 0.00
5412889.307260513 61.03 -1.00 14.50 1.50
5412889.307260513 70.80 -0.00 11.00 3.64
5412889.307260513 61.78 -0.00 11.00 0.00
5412889.307260513 64.09 -0.00 6.00 5.00
5412889.307260513 65.53 2.50 4.00 3.20
5412889.307260513 74.89 2.00 4.00 0.50
5412889.307260513 67.30 2.00 4.00 0.00
5412889.307260513 66.16 1.00 -1.50 5.59
5412889.307260513 65.06 8.50 -5.00 8.28
5412889.307260513 65.61 12.00 -1.00 5.32
5412889.307260513 65.49 12.00 -1.00 0.00
5412889.307260513 77.02 20.50 4.50 10.12
5412889.307260513 61.41 34.00 -10.50 20.18
5412889.307260513 61.23 34.00 -10.50 0.00
8305029.173851013 19813.04 -16.00 12.00 27.58
8305029.173851013 65.94 -16.00 12.00 0.00
8305029.173851013 72.18 8.00 1.00 26.40
8305029.173851013 79.49 37.00 -10.00 31.02
8309615.088939667 821.30 3.00 -19.50 19.24
8309615.088939667 61.46 -5.00 -15.00 9.18
8309615.088939667 65.27 -5.00 -15.00 0.00
8309615.088939667 65.63 -12.00 -10.00 8.60
8309615.088939667 67.51 -23.00 -6.50 11.54
8309615.088939667 66.42 -23.00 -6.50 0.00
8309615.088939667 65.89 -39.00 -3.00 16.38
8356713.0563259125 2523.71 -30.00 -0.50 708.05
8356713.0563259125 72.74 -30.00 -0.50 0.00
8361190.071344376 800.76 -28.00 16.50 20.51
8361190.071344376 59.22 -3.50 16.00 24.51
8361190.071344376 71.17 9.50 16.00 13.00
8361190.071344376 66.91 9.50 16.00 0.00
8361190.071344376 67.94 11.00 16.00 1.50
8361190.071344376 69.66 -5.00 13.00 16.28
8361190.071344376 62.03 -5.00 13.00 0.00
8366601.398468018 907.95 -16.00 11.00 725.96
50304098.17314148 70688.25 21.50 -0.00 231.50
50304098.17314148 63.23 21.50 -0.00 0.00
762163119.0083027 533198.98 35.00 4.00 14.08
762163119.0083027 57.00 35.00 4.00 0.00
762163119.0083027 58.08 28.00 7.50 7.83
762163119.0083027 52.53 28.00 7.50 0.00
762163119.0083027 54.16 26.50 6.00 2.12
762163119.0083027 60.76 -17.50 4.00 44.05
762163119.0083027 54.10 -17.50 4.00 0.00
762163119.0083027 55.49 -13.50 5.00 4.12
762163119.0083027 58.11 -13.00 6.00 1.12
762163119.0083027 59.02 -13.00 6.00 0.00
762163119.0083027 56.67 27.50 6.00 40.50
762163119.0083027 62.49 27.50 6.00 0.00
762163119.0083027 61.13 27.50 6.00 0.00
762163119.0083027 62.39 26.50 7.50 1.80
762163119.0083027 65.85 26.00 6.00 1.58
762163119.0083027 87.38 27.00 7.00 1.41
762163119.0083027 67.06 -12.00 8.00 39.01
762163119.0083027 65.99 -12.00 8.00 0.00
762163119.0083027 65.47 27.00 7.00 39.01
762163119.0083027 69.24 27.00 7.00 0.00
762163119.0083027 65.26 -27.00 4.50 54.06
762163119.0083027 84.97 -17.00 6.50 10.20
762163119.0083027 69.37 -27.00 6.50 10.00
762163119.0083027 69.91 -28.00 6.50 1.00
762163862.5566959 354.23 29.00 19.00 53.12
762163925.82798 130.51 28.00 16.00 59.54
762163925.82798 71.96 28.00 16.00 0.00
762163925.82798 69.42 31.00 20.50 5.41
762172415.6754017 1055.31 -29.50 18.50 5.15
762172415.6754017 73.10 -29.50 18.50 0.00
762172474.3685722 116.48 -32.00 14.00 123.03
762172474.3685722 76.52 -32.00 14.00 0.00
762172474.3685722 62.30 -31.00 10.00 4.12
762172474.3685722 61.51 -30.00 13.00 3.16
762172474.3685722 59.55 -30.00 13.00 0.00
762172474.3685722 61.40 -30.00 13.00 0.00
762173740.8325672 428.86 29.00 9.50 62.05
762174710.7183933 384.58 30.00 11.00 120.20
762174710.7183933 56.58 30.00 7.00 4.00
762174710.7183933 63.83 30.00 7.00 0.00
762174710.7183933 59.42 29.00 5.50 1.80
762174888.8914585 179.61 -27.50 -0.00 67.52
762175288.872242 253.66 -27.00 5.00 63.03
762175288.872242 59.27 -27.00 5.00 0.00
762175288.872242 70.56 -27.00 5.00 0.00
762175288.872242 60.46 -22.00 6.50 5.22
762175643.8953876 235.15 37.00 9.00 98.29
762175643.8953876 61.14 37.00 9.00 0.00
762175643.8953876 60.84 36.00 5.00 4.12
762175643.8953876 61.57 -25.00 7.50 61.05
762175643.8953876 60.40 -25.00 7.50 0.00
762175643.8953876 58.96 -27.00 7.00 2.06
762175643.8953876 64.94 -32.00 6.00 5.10
762175643.8953876 65.05 -32.00 6.00 0.00
762175643.8953876 61.45 -33.00 6.00 1.00
762175643.8953876 60.64 -30.00 4.50 3.35
762175643.8953876 58.71 -30.00 4.50 0.00
762175643.8953876 58.89 -28.00 5.00 2.06
762175643.8953876 57.35 -30.00 5.00 2.00
762175643.8953876 62.61 -30.00 5.00 0.00
762175643.8953876 57.88 -31.00 4.50 1.12
762175643.8953876 68.60 -30.00 4.00 1.12
762175643.8953876 59.60 -30.00 4.00 0.00
762175643.8953876 65.43 -29.50 4.00 0.50
762175643.8953876 61.02 -29.00 4.50 0.71
762175643.8953876 70.98 -29.00 4.50 0.00
762175643.8953876 61.65 -29.00 4.00 0.50
762175643.8953876 64.63 -30.00 5.00 1.41
762175643.8953876 58.23 -30.00 5.00 0.00
762175643.8953876 69.85 -30.00 5.00 0.00
762175643.8953876 65.56 -29.00 5.00 1.00
762175643.8953876 58.81 -29.00 4.00 1.00
762175643.8953876 66.78 -29.00 4.00 0.00
762175643.8953876 64.93 -29.00 6.00 2.00
762175643.8953876 64.13 -29.50 7.00 1.12
762175643.8953876 61.86 -29.50 7.00 0.00
762175643.8953876 58.01 -27.00 8.00 2.69
762175643.8953876 58.46 -27.00 9.50 1.50
762175643.8953876 61.62 -27.00 9.50 0.00
762176266.4802074 308.08 -29.00 7.50 197.21
762176266.4802074 59.51 -27.00 7.00 2.06
762176266.4802074 64.23 -27.00 7.00 0.00
762176266.4802074 65.25 34.00 2.50 61.17
762180390.746355 731.08 34.00 8.00 63.29
762180390.746355 61.75 33.00 8.00 1.00
762180390.746355 64.19 33.00 8.00 0.00
762180390.746355 82.86 32.00 6.00 2.24
762180390.746355 73.32 30.00 2.00 4.47
762180576.9155025 195.40 26.00 1.50 67.02
762180576.9155025 66.28 -34.00 7.00 60.25
762180576.9155025 68.37 -33.00 7.00 1.00
762180576.9155025 62.14 -33.00 7.00 0.00
762180576.9155025 58.80 -33.00 7.50 0.50
762180576.9155025 61.37 -32.50 6.00 1.58
762180576.9155025 64.17 -32.50 6.00 0.00
762180576.9155025 63.74 -32.00 6.00 0.50
762180576.9155025 74.53 -33.00 4.50 1.80
762180576.9155025 58.10 -32.00 5.00 1.12
762180576.9155025 59.68 -32.00 5.00 0.00
762180576.9155025 59.12 -32.00 4.50 0.50
762180576.9155025 61.42 -32.00 4.00 0.50
762180576.9155025 66.63 -32.00 4.00 0.00
762180576.9155025 62.36 -30.00 3.00 2.24
762180576.9155025 59.38 -32.00 6.00 3.61
762180576.9155025 62.67 -32.00 6.00 0.00
762180576.9155025 60.60 26.00 -0.00 58.31
762180576.9155025 62.78 -32.00 6.50 58.36
762180576.9155025 63.72 -32.00 6.50 0.00
762180576.9155025 64.00 -32.00 7.00 0.50
762180576.9155025 60.09 29.00 0.50 61.35
762181910.4669094 436.25 -33.00 10.00 124.40
762181910.4669094 68.28 -33.00 10.00 0.00
762181975.2459526 122.38 -34.00 6.50 126.17
762181975.2459526 63.77 -34.00 6.50 0.00
762181975.2459526 61.78 -36.00 3.50 3.61
762183304.4319153 440.86 31.00 -0.00 61.50
762183509.6457005 201.91 32.00 -0.00 99.00
762185307.198286 510.42 31.00 -0.00 241.85
762185307.198286 58.25 29.50 -0.00 1.50
762185307.198286 59.22 29.50 -0.00 0.00
762186556.9908619 421.67 34.00 14.50 59.61
762186556.9908619 60.85 33.00 11.00 3.64
762186556.9908619 57.94 33.00 11.00 0.00
762186556.9908619 63.15 29.50 6.00 6.10
762186556.9908619 61.59 28.00 5.00 1.80
762186556.9908619 59.38 28.00 5.00 0.00
762186556.9908619 62.96 27.50 4.50 0.71
762186556.9908619 58.79 29.00 4.50 1.50
762186556.9908619 61.26 29.00 4.50 0.00
762186556.9908619 67.39 29.00 4.00 0.50
762186556.9908619 64.31 30.50 1.50 2.92
762187867.815733 441.14 29.00 1.00 61.01
762187867.815733 63.08 29.00 1.00 0.00
762187867.815733 60.20 28.00 -0.00 1.41
762187867.815733 59.78 -35.00 4.50 63.16
762187867.815733 57.98 -34.50 4.50 0.50
762187867.815733 59.31 -34.50 4.50 0.00
762187867.815733 70.28 -35.00 3.50 1.12
762187867.815733 68.77 -36.00 2.00 1.80
762187867.815733 61.97 -36.00 2.00 0.00
762188222.5806713 249.07 -37.00 3.00 129.03
762188222.5806713 60.57 27.00 -0.00 64.07
762188222.5806713 58.84 27.00 -0.00 0.00
762188222.5806713 60.00 -38.00 3.00 65.07
762188418.6012745 195.83 -35.50 1.00 171.50
762188418.6012745 62.48 29.00 -0.00 64.51
762188418.6012745 61.11 29.00 -0.00 0.00
762188418.6012745 59.26 28.00 -0.00 1.00
762188418.6012745 58.38 28.00 -0.00 0.00
762188418.6012745 71.49 28.00 -0.00 0.00
762188475.6093025 119.48 -35.00 -0.00 168.50
762188475.6093025 59.01 -35.00 -0.00 0.00
762194059.5998764 860.18 32.50 9.50 97.96
762194059.5998764 67.95 30.00 8.00 2.92
762194059.5998764 65.18 31.00 5.50 2.69
762194059.5998764 62.02 31.00 5.50 0.00
762194059.5998764 66.73 28.00 1.00 5.41
762194059.5998764 60.55 28.50 -0.00 1.12
762194059.5998764 59.02 29.00 -0.00 0.50
762194059.5998764 60.71 29.00 -0.00 0.00
762194059.5998764 58.42 -34.00 6.00 63.29
762194059.5998764 63.53 -34.00 6.00 0.00
762194059.5998764 57.77 -34.00 6.00 0.00
762194059.5998764 61.24 29.00 -0.00 63.29
762194059.5998764 59.18 30.00 1.00 1.41
762194059.5998764 74.51 30.00 1.00 0.00
762194059.5998764 71.91 30.00 1.00 0.00
762194059.5998764 66.76 32.00 2.00 2.24
762194059.5998764 59.67 31.00 3.00 1.41
762194059.5998764 59.73 31.00 3.00 0.00
762217545.5186367 1734.68 -36.50 -0.00 169.79
762220342.5941467 630.63 31.00 7.00 62.89
762220342.5941467 61.38 30.00 -0.00 7.07
762222536.4613533 543.18 -32.50 -0.00 124.50
762229294.8117256 946.58 32.00 9.50 62.63
762229294.8117256 69.21 32.00 9.50 0.00
762229294.8117256 67.31 29.00 6.00 4.61
762229294.8117256 61.89 28.00 2.00 4.12
762229294.8117256 59.48 28.00 0.50 1.50
762229294.8117256 58.31 28.00 0.50 0.00
762229361.0846996 130.62 27.00 -0.00 64.00
762229361.0846996 68.60 27.00 -0.00 0.00
762229361.0846996 60.30 27.50 -0.00 0.50
762229361.0846996 58.70 28.00 -0.00 0.50
762229361.0846996 64.36 28.00 -0.00 0.00
762229361.0846996 68.72 28.00 -0.00 0.00
762229361.0846996 58.94 28.50 -0.00 0.50
762229361.0846996 58.70 28.50 -0.00 0.00
762229361.0846996 65.10 29.00 -0.00 0.50
762229361.0846996 66.10 29.00 -0.00 0.00
762229361.0846996 62.85 29.00 -0.00 0.00
762230355.2446365 386.96 27.00 -0.00 65.00
762230355.2446365 58.02 29.00 -0.00 2.00
762230355.2446365 66.65 29.00 -0.00 0.00
762230355.2446365 60.00 29.50 -0.00 0.50
762230355.2446365 61.03 -35.00 -0.00 64.50
762230355.2446365 64.54 -35.00 -0.00 0.00
762230355.2446365 65.76 31.00 -0.00 66.00
762230414.904356 128.33 -34.00 -0.00 174.78
762230414.904356 62.47 -34.00 -0.00 0.00
762234592.4990177 772.92 29.00 2.00 65.03
762234592.4990177 65.66 -35.00 6.00 64.12
762234592.4990177 68.08 -35.00 6.00 0.00
762234592.4990177 58.26 -35.00 1.00 5.00
762234592.4990177 63.97 27.00 -0.00 62.01
762234592.4990177 62.30 27.00 -0.00 0.00
762234660.045147 136.33 -35.00 -0.00 124.50
762234660.045147 65.49 30.00 -0.00 65.00
762234660.045147 64.61 30.00 -0.00 0.00
762234660.045147 63.81 29.00 -0.00 1.00
762234660.045147 61.97 29.00 -0.00 0.00
762234660.045147 58.58 29.00 -0.00 0.00
762235059.1182709 259.18 -34.00 -0.00 125.00
762235259.4344616 197.42 -32.00 -0.00 124.00
762240408.4949493 832.72 36.00 11.00 100.11
762240408.4949493 66.37 36.00 11.00 0.00
762240408.4949493 66.93 34.00 9.00 2.83
762240408.4949493 59.35 28.00 5.00 7.21
762240408.4949493 60.03 29.00 2.50 2.69
762240408.4949493 68.02 29.00 2.50 0.00
762240408.4949493 67.10 29.00 2.50 0.00
762240408.4949493 66.27 29.00 1.00 1.50
762240408.4949493 73.05 28.50 0.50 0.71
762240408.4949493 64.26 28.50 0.50 0.00
762240408.4949493 61.99 28.00 1.50 1.12
762240584.9487782 178.66 28.00 -0.00 63.00
762240584.9487782 62.17 28.00 1.50 1.50
762240584.9487782 62.04 28.00 1.00 0.50
762240584.9487782 79.88 28.00 1.00 0.00
762240584.9487782 63.75 28.00 -0.00 1.00
762240584.9487782 62.90 28.50 -0.00 0.50
762240584.9487782 60.39 28.00 -0.00 0.50
762240584.9487782 64.76 28.00 -0.00 0.00
762240584.9487782 75.90 29.00 -0.00 1.00
762242396.8720436 538.45 -36.00 3.50 127.05
762242396.8720436 74.08 -38.00 1.00 3.20
762242396.8720436 68.20 -38.00 1.00 0.00
762242396.8720436 62.17 -34.00 0.50 4.03
762242396.8720436 62.59 -35.00 -0.00 1.12
762242396.8720436 61.68 -35.00 -0.00 0.00
762242396.8720436 59.50 -36.00 -0.00 1.00
762242396.8720436 59.90 30.00 -0.00 66.00
762242396.8720436 65.73 30.00 -0.00 0.00
762242464.6599293 135.37 30.50 -0.00 103.50
762242464.6599293 62.69 -35.00 0.50 65.50
762242464.6599293 59.79 -35.00 0.50 0.00
762242464.6599293 60.05 -34.50 0.50 0.50
762242464.6599293 62.37 -34.50 -0.00 0.50
762242464.6599293 60.65 -34.50 -0.00 0.00
762249999.8292923 1015.12 31.00 9.00 64.24
762249999.8292923 58.62 31.00 9.00 0.00
762249999.8292923 58.99 30.00 6.00 3.16
762249999.8292923 57.53 29.00 4.50 1.80
762249999.8292923 58.69 28.00 2.00 2.69
762249999.8292923 58.65 28.00 2.00 0.00
762249999.8292923 58.72 28.50 1.00 1.12
762249999.8292923 65.01 28.50 1.00 0.00
762249999.8292923 67.14 29.00 1.50 0.71
762249999.8292923 71.39 29.00 1.00 0.50
762249999.8292923 65.15 29.00 2.00 1.00
762249999.8292923 61.29 29.00 2.00 0.00
762249999.8292923 59.15 29.50 2.00 0.50
762249999.8292923 59.49 29.00 3.50 1.58
762249999.8292923 59.69 29.00 3.50 0.00
762249999.8292923 59.18 30.50 2.00 2.12
762249999.8292923 57.46 30.00 3.00 1.12
762249999.8292923 57.62 30.00 3.00 0.00
762249999.8292923 57.64 29.50 2.50 0.71
762249999.8292923 59.86 30.00 2.50 0.50
762249999.8292923 70.63 30.00 2.50 0.00
762249999.8292923 62.68 30.00 2.50 0.00
762249999.8292923 58.48 31.00 3.00 1.12
762249999.8292923 62.01 31.00 3.00 0.00
762249999.8292923 59.54 31.00 3.00 0.00
762249999.8292923 57.68 30.00 2.00 1.41
762249999.8292923 59.05 31.00 3.00 1.41
762249999.8292923 73.00 31.00 3.00 0.00
762249999.8292923 57.63 30.00 2.00 1.41
762249999.8292923 66.53 30.50 2.00 0.50
762249999.8292923 63.40 30.50 2.00 0.00
762249999.8292923 74.02 30.00 2.50 0.71
762249999.8292923 65.46 28.50 3.00 1.58
762249999.8292923 66.50 29.50 2.50 1.12
762249999.8292923 58.30 29.50 2.50 0.00
762249999.8292923 61.91 29.50 2.00 0.50
762249999.8292923 65.34 29.50 2.50 0.50
762249999.8292923 62.09 29.50 2.50 0.00
762249999.8292923 59.24 29.00 3.50 1.12
762249999.8292923 63.64 28.50 3.00 0.71
762249999.8292923 62.21 28.50 3.00 0.00
762249999.8292923 57.39 28.50 3.00 0.00
762249999.8292923 59.73 30.50 2.50 2.06
762249999.8292923 68.77 30.50 2.50 0.00
762249999.8292923 60.03 31.00 2.50 0.50
762249999.8292923 57.27 31.00 3.00 0.50
762249999.8292923 59.60 31.00 3.00 0.00
762249999.8292923 58.79 30.00 2.50 1.12
762249999.8292923 59.33 29.00 2.50 1.00
762249999.8292923 63.31 29.00 2.50 0.00
762249999.8292923 65.55 29.50 2.50 0.50
762249999.8292923 57.34 29.50 3.00 0.50
762249999.8292923 61.39 29.50 3.00 0.00
762250062.2386932 125.21 31.00 3.00 61.07
762250062.2386932 66.20 29.50 2.50 1.58
762250062.2386932 59.98 29.50 2.50 0.00
762250123.7621307 124.86 29.00 2.00 62.03
762250123.7621307 71.96 29.00 2.00 0.00
762250123.7621307 61.64 29.00 2.00 0.00
762250123.7621307 57.16 30.00 2.00 1.00
762250123.7621307 58.35 31.00 -0.00 2.24
762250123.7621307 57.61 31.00 -0.00 0.00
762250123.7621307 74.28 31.00 0.50 0.50
762250123.7621307 63.46 30.00 1.00 1.12
762250123.7621307 59.47 30.00 1.00 0.00
762250123.7621307 61.52 30.00 -0.00 1.00
762250123.7621307 68.34 29.00 -0.00 1.00
762250123.7621307 66.50 29.00 -0.00 0.00
762250123.7621307 65.28 29.50 -0.00 0.50
762250123.7621307 69.04 30.00 1.00 1.12
762250123.7621307 60.34 30.50 1.00 0.50
762250123.7621307 62.72 30.50 1.00 0.00
762250186.0809326 143.72 28.00 2.00 64.03
762250186.0809326 63.97 28.00 2.00 0.00
762283492.1851158 2100.42 29.50 3.00 101.54
762283667.3078537 178.52 30.00 -0.00 61.00
762283667.3078537 58.73 29.00 -0.00 1.00
762283667.3078537 59.40 29.00 -0.00 0.00
762285966.2115574 563.42 28.00 -0.00 108.00
762285966.2115574 66.93 28.00 -0.00 0.00
762301989.3972874 1455.09 29.00 -0.00 63.00
762301989.3972874 68.02 29.00 -0.00 0.00
762301989.3972874 65.91 27.00 -0.00 2.00
762329227.8568745 1907.96 30.00 -0.00 239.00
762329227.8568745 75.59 29.00 -0.00 1.00
2127230.211496353 16499.02 16.00 -5.00 745.90
2795681.3435554504 9342.10 -3.00 -10.00 17.46
2795681.3435554504 62.69 -1.00 16.00 26.08
2802516.55459404 969.04 20.00 18.50 22.20
2802516.55459404 68.78 20.00 18.50 0.00
2802516.55459404 73.17 21.00 -2.00 20.52
2806101.9134521484 772.36 21.00 -18.50 21.59
2806101.9134521484 168.14 31.00 2.50 23.26
3020113.6808395386 5351.30 8.00 8.50 42.98
3020113.6808395386 71.55 21.50 21.00 18.40
3020113.6808395386 71.22 21.50 21.00 0.00
3031675.9514808655 1254.62 29.00 -19.00 7.83
3031675.9514808655 62.64 34.50 -17.00 5.85
3031675.9514808655 65.22 36.00 -14.00 3.35
3031675.9514808655 62.26 36.00 -14.00 0.00
3031675.9514808655 58.46 37.00 -4.00 10.05
3043027.0438194275 1257.70 10.50 -12.00 30.01
3043027.0438194275 69.84 10.50 -12.00 0.00
3043027.0438194275 69.24 -17.00 -10.50 27.54
3043027.0438194275 63.22 -35.50 -5.00 19.30
3043027.0438194275 58.60 -35.50 -5.00 0.00
3045427.222967148 594.94 -38.00 -15.00 4.30
3045620.518684387 191.93 -37.00 -17.00 6.71
3045620.518684387 62.34 -32.50 -13.50 5.70
3045620.518684387 72.43 -32.50 -13.50 0.00
3045620.518684387 68.50 -30.00 -15.00 2.92
3045620.518684387 68.86 -27.00 -19.50 5.41
3045620.518684387 64.37 -34.50 -13.50 9.60
3045620.518684387 63.11 -34.50 -13.50 0.00
3138345.3896045685 3506.04 -10.50 -21.00 15.79
3138345.3896045685 65.47 -23.00 -20.00 12.54
3138345.3896045685 64.66 -23.00 -20.00 0.00
3138345.3896045685 59.38 -21.00 -19.00 2.24
3138345.3896045685 59.22 -22.00 -19.50 1.12
3138966.6209220886 311.07 -16.00 -9.50 715.70
3139606.876850128 319.99 -5.00 -10.00 725.07
3140188.6162757874 316.27 -7.00 -13.00 721.87
3140188.6162757874 58.01 1.00 -16.00 8.54
3140188.6162757874 67.29 1.00 -16.00 0.00
3140188.6162757874 65.05 17.00 -16.00 16.00
3140188.6162757874 62.99 23.50 -17.00 6.58
3140188.6162757874 64.20 23.50 -17.00 0.00
3151200.6752490997 1238.77 -1.00 -15.50 11.67
3151200.6752490997 64.34 5.00 -9.50 8.49
3151200.6752490997 61.01 13.50 -7.50 8.73
3151200.6752490997 61.26 13.50 -7.50 0.00
3151200.6752490997 69.14 21.50 -10.00 8.38
3151200.6752490997 63.01 37.50 -11.50 16.07
5482970.133066177 17513.78 2.00 2.00 67.01
5765966.311216354 6033.36 26.00 12.50 24.19
5765966.311216354 70.42 26.50 -10.00 22.51
5765966.311216354 66.90 27.50 -22.00 12.04
5765966.311216354 63.58 27.50 -22.00 0.00
5793129.067897797 1946.12 18.00 6.50 36.62
5793129.067897797 73.63 18.00 6.50 0.00
5844572.511434555 2688.35 37.00 16.00 8.06
5844572.511434555 65.08 37.00 16.00 0.00
5844572.511434555 66.42 32.50 17.50 4.74
5844572.511434555 63.27 28.50 2.00 16.01
5844572.511434555 63.11 28.50 2.00 0.00
5844572.511434555 62.10 24.00 -0.50 5.15
5844572.511434555 62.96 22.50 4.50 5.22
5844572.511434555 68.57 22.50 4.50 0.00
5844572.511434555 65.16 23.00 -9.00 13.51
5879677.686929703 2159.94 12.50 21.50 10.74
5879677.686929703 64.30 1.00 -10.00 33.53
5956698.025226593 3171.45 38.00 1.50 54.51
5956698.025226593 66.69 38.00 1.50 0.00
5961774.066925049 821.41 33.50 21.50 86.13
5961774.066925049 62.60 33.50 21.50 0.00
6195311.959028244 5511.01 34.50 -21.00 12.01
6195311.959028244 63.16 34.50 -21.00 0.00
6195311.959028244 68.72 34.00 -2.50 18.51
6195311.959028244 67.78 35.00 16.00 18.53
6195311.959028244 62.96 35.00 16.00 0.00
187071.1305141449 5182.04 12.50 -2.50 98.43
359718.5583114624 4854.94 -34.50 -11.50 60.88
386062.59536743164 1932.75 22.50 -0.00 33.26
386062.59536743164 74.03 22.50 -0.00 0.00
3229935.847043991 19761.47 32.00 19.50 27.17
3358023.7016677856 4194.26 30.00 -11.50 44.01
3358023.7016677856 67.13 30.00 -11.50 0.00
3394641.468524933 2296.65 17.00 22.00 25.00
3394641.468524933 64.99 15.00 3.00 19.10
3394641.468524933 68.28 9.00 -7.00 11.66
3394641.468524933 61.88 7.00 -5.00 2.83
3394641.468524933 70.61 7.00 -5.00 0.00
3394641.468524933 67.01 7.00 -0.50 4.50
3771200.8957862854 7216.59 7.00 -11.00 52.28
3771200.8957862854 67.19 7.00 -11.00 0.00
3795174.7879981995 1841.60 32.50 -20.00 21.03
4425835.071325302 9305.56 20.50 -22.00 17.80
4425835.071325302 75.20 10.00 -10.00 15.95
4425835.071325302 68.14 10.00 -10.00 0.00
4425835.071325302 63.33 -3.50 7.00 21.71
4425835.071325302 77.67 -12.00 19.50 15.12
4425835.071325302 68.10 -12.00 19.50 0.00
4425835.071325302 68.98 -16.50 17.00 5.15
4425835.071325302 76.88 -15.50 21.00 4.12
4425835.071325302 63.30 -17.00 22.00 1.80
4425835.071325302 67.41 -17.00 22.00 0.00
4425911.561727524 140.11 -18.00 22.00 1.00
4425911.561727524 71.25 -18.00 20.50 1.50
4425911.561727524 62.21 -18.00 20.50 0.00
4425911.561727524 72.15 -18.00 21.00 0.50
4425911.561727524 69.30 -20.00 21.50 2.06
4426587.105035782 331.70 -21.00 16.00 21.03
4426587.105035782 77.25 -21.00 16.00 0.00
4569109.633207321 4465.31 -33.50 -1.00 34.34
4569109.633207321 70.70 14.50 22.00 53.23
4607650.916337967 2347.56 4.00 -4.50 63.69
4607650.916337967 70.03 -9.50 -9.50 14.40
4607650.916337967 69.54 -9.50 -9.50 0.00
4627995.903015137 1686.41 4.50 11.00 60.80
4628188.276290894 206.98 -33.00 20.00 103.52
4628188.276290894 67.65 14.00 20.50 47.00
4628188.276290894 70.84 -23.50 7.50 39.69
4628188.276290894 63.04 -23.50 7.50 0.00
4645198.405265808 1556.07 26.50 -3.50 78.51
4829534.6348285675 5014.37 -16.00 21.00 11.24
4829534.6348285675 66.51 -16.00 21.00 0.00
4837537.941455841 1076.79 -14.00 7.50 53.98
4837537.941455841 69.83 -14.00 7.50 0.00
4837537.941455841 66.91 18.00 10.00 32.10
4839929.538965225 606.53 35.00 15.00 26.00
4839929.538965225 66.17 35.00 15.00 0.00
4840011.625766754 154.14 -21.50 -6.50 38.35
4840080.777645111 131.14 -37.50 -8.00 43.68
4840080.777645111 63.54 -37.50 -8.00 0.00
4840080.777645111 65.58 1.50 14.50 45.02
4840080.777645111 75.93 2.00 6.00 8.51
4840080.777645111 67.83 33.00 -6.50 33.43
4840080.777645111 61.75 33.00 -6.50 0.00
4848142.831087112 1082.22 -28.00 -4.00 18.11
4848142.831087112 73.68 -28.00 -4.00 0.00
4848142.831087112 64.05 -15.00 11.00 19.85
4848142.831087112 67.55 -23.00 19.50 11.67
4848142.831087112 68.82 -23.00 19.50 0.00
4862381.60610199 1402.00 -29.00 8.50 69.14
6257071.033239365 13712.87 12.50 12.00 29.03
6257071.033239365 72.82 12.50 12.00 0.00
6257071.033239365 68.21 14.50 -11.00 23.09
6257071.033239365 67.85 14.50 -18.50 7.50
6257071.033239365 71.32 14.50 -18.50 0.00
6290386.554956436 2156.61 -35.00 -3.50 34.62
6290386.554956436 71.23 -31.00 21.50 25.32
6290386.554956436 68.60 -31.00 21.50 0.00
6338300.798177719 2595.49 1.00 -16.50 22.61
6338300.798177719 67.72 3.50 6.00 22.64
6338300.798177719 74.84 3.50 6.00 0.00
6341380.405902863 686.64 7.00 -2.00 36.09
6458283.4379673 3992.88 -12.50 -7.00 719.98
6590808.454275131 4285.65 20.00 -13.00 14.22
6590808.454275131 65.60 19.00 -2.00 11.05
6590808.454275131 69.35 19.00 -2.00 0.00
6590808.454275131 73.23 19.00 8.50 10.50
6590808.454275131 64.43 20.00 13.00 4.61
6590808.454275131 71.78 20.00 13.00 0.00
6590808.454275131 75.87 19.00 13.00 1.00
6590808.454275131 67.27 20.00 12.50 1.12
6590808.454275131 60.62 19.50 11.50 1.12
6590808.454275131 64.52 19.00 7.00 4.53
6590808.454275131 62.44 19.00 7.00 0.00
6612770.27964592 1757.87 12.50 18.50 14.58
6612770.27964592 66.47 8.00 -1.50 20.50
6612770.27964592 61.37 8.00 -1.50 0.00
6612770.27964592 64.66 9.00 -20.50 19.03
6698853.386640549 3429.54 -39.00 -0.00 9.49
6698853.386640549 65.08 -39.00 -0.00 0.00
6698853.386640549 62.49 -32.00 5.00 8.60
6698853.386640549 64.41 -28.50 7.50 4.30
6698853.386640549 66.35 -28.50 7.50 0.00
6698853.386640549 76.80 -24.00 8.00 4.53
6698853.386640549 66.62 -17.50 10.00 6.80
6698853.386640549 63.47 -17.00 12.00 2.06
6698853.386640549 64.07 -17.00 12.00 0.00
6704721.019744873 930.66 35.50 -9.50 104.95
6765469.3031311035 2901.80 -32.00 17.50 9.82
6765469.3031311035 71.99 -38.50 5.00 14.09
7115323.82440567 6830.77 18.50 13.00 36.88
7120729.024648666 884.20 19.00 -1.00 23.05
7120729.024648666 64.45 21.00 9.00 10.20
7120729.024648666 72.35 -4.00 -0.00 26.57
7120729.024648666 73.30 -4.00 -0.00 0.00
7143160.1531505585 1764.55 -17.00 19.00 8.73
7143160.1531505585 86.86 -17.00 12.50 6.50
7143160.1531505585 68.46 -24.00 7.00 8.90
7143160.1531505585 68.60 -24.00 7.00 0.00
7143160.1531505585 69.63 -20.50 -3.00 10.59
7143160.1531505585 69.58 -9.50 -14.00 15.56
7143160.1531505585 65.20 -2.00 -17.00 8.08
7143160.1531505585 76.09 -2.00 -17.00 0.00
7143160.1531505585 67.61 -5.00 -13.00 5.00
7143160.1531505585 63.81 2.00 -14.00 7.07
7143160.1531505585 66.28 2.00 -14.00 0.00
7143160.1531505585 79.43 10.00 -18.00 8.94
7143160.1531505585 69.90 7.00 -14.00 5.00
7143160.1531505585 73.49 -2.00 -8.00 10.82
7143160.1531505585 66.56 -2.00 -8.00 0.00
7143160.1531505585 68.64 5.00 -9.50 7.16
7143160.1531505585 77.26 22.50 -16.50 18.85
7143160.1531505585 65.04 32.00 -16.50 9.50
7143160.1531505585 71.29 32.00 -16.50 0.00
7143160.1531505585 64.60 23.50 -6.50 13.12
7143160.1531505585 69.58 21.00 -0.50 6.50
7143160.1531505585 67.38 21.00 -0.50 0.00
7143160.1531505585 65.39 38.00 2.00 17.18
7272664.953947067 4226.49 20.00 -10.50 28.50
7272664.953947067 75.61 20.00 -10.50 0.00
7272664.953947067 63.03 14.00 -4.00 8.85
7272664.953947067 80.94 -8.00 -8.00 22.36
7272664.953947067 67.10 -20.00 -5.50 12.26
7272664.953947067 69.16 -20.00 -5.50 0.00
7272664.953947067 72.08 -21.50 3.50 9.12
7272664.953947067 64.78 -20.00 -3.00 6.67
7272664.953947067 66.06 -23.50 -9.00 6.95
7272664.953947067 69.79 -23.50 -9.00 0.00
7272664.953947067 70.53 -27.50 -3.50 6.80
7272664.953947067 79.13 -24.00 5.00 9.19
7272664.953947067 63.34 -10.50 7.00 13.65
7272664.953947067 65.04 -10.50 7.00 0.00
7272664.953947067 80.83 -19.50 2.50 10.06
7272664.953947067 61.22 -27.00 -1.50 8.50
7272664.953947067 63.36 -27.00 -1.50 0.00
7272664.953947067 63.33 -21.00 -3.50 6.32
7272664.953947067 64.88 -17.00 -4.00 4.03
7272664.953947067 69.12 -13.00 -8.50 6.02
7272664.953947067 71.79 -13.00 -8.50 0.00
7272664.953947067 70.56 -12.00 -4.00 4.61
7272664.953947067 77.47 -10.00 -5.00 2.24
7272664.953947067 78.08 -10.00 -7.50 2.50
7272664.953947067 64.30 -10.00 -7.50 0.00
7276285.3400707245 729.20 -14.00 -19.50 60.05
7282283.410787582 934.13 -1.00 15.00 20.80
7282283.410787582 69.29 -5.50 -3.00 18.55
7282283.410787582 68.29 -5.50 -3.00 0.00
7282283.410787582 64.35 -11.00 -9.00 8.14
7282283.410787582 69.89 -5.00 -10.00 6.08
7282283.410787582 72.79 2.00 -19.50 11.80
7282283.410787582 77.53 2.00 -19.50 0.00
7282283.410787582 66.85 -11.00 -17.00 13.24
7282283.410787582 61.61 -13.00 -12.00 5.39
7282283.410787582 64.27 -13.00 -12.00 0.00
7295117.352724075 1343.39 1.00 0.50 49.42
7295117.352724075 72.73 1.00 0.50 0.00
7295117.352724075 63.03 10.00 17.00 18.79
7295335.191965103 206.42 26.50 18.50 19.61
7296009.73033905 329.31 6.00 18.50 23.20
7296009.73033905 69.40 6.00 18.50 0.00
7328173.100709915 2127.35 13.50 19.00 11.51
7328173.100709915 72.50 13.50 19.00 0.00
7333615.5869960785 889.62 17.00 12.00 38.90
7333615.5869960785 67.82 -0.00 15.00 17.26
7333615.5869960785 62.54 -19.00 16.00 19.03
7333615.5869960785 65.18 -19.00 16.00 0.00
7333615.5869960785 69.66 14.00 21.50 33.46
7365727.2844314575 2142.29 22.50 7.00 64.53
7416897.40228653 2712.14 18.50 -3.00 69.59
7440732.435941696 1839.33 14.00 -0.00 24.70
7440732.435941696 81.13 14.00 -0.00 0.00
7534143.353462219 3595.20 -24.00 10.50 44.00
7534143.353462219 65.50 -24.00 10.50 0.00
7534205.62005043 125.71 -32.00 -7.00 9.71
7534205.62005043 73.86 -32.00 -7.00 0.00
7534876.005649567 341.84 -27.00 -22.00 14.14
7534876.005649567 64.02 -12.00 -14.00 17.00
7548877.18296051 1392.37 -11.00 -1.50 53.85
7548877.18296051 62.01 -11.00 -1.50 0.00
7548877.18296051 79.21 -18.50 -20.00 19.96
7642877.646684647 3668.86 -38.00 -4.50 13.60
7642877.646684647 68.18 -38.00 -4.50 0.00
7642877.646684647 64.78 -34.50 5.50 10.59
7642877.646684647 85.85 -8.00 -6.50 29.09
7642877.646684647 62.61 -31.50 -10.00 23.76
7642877.646684647 65.12 -31.50 -10.00 0.00
7642877.646684647 62.99 -30.00 -3.50 6.67
8737196.132659912 12315.45 7.00 10.00 35.09
8737196.132659912 72.96 7.00 10.00 0.00
8781404.000282288 2467.31 -23.00 -14.50 41.44
8781404.000282288 61.86 -9.50 18.00 35.19
8787524.90568161 950.61 -26.50 21.50 12.75
8793800.797462463 953.71 -36.00 -9.00 40.71
8798190.329313278 794.70 -5.00 9.50 26.02
8798190.329313278 65.11 -5.00 9.50 0.00
8798190.329313278 67.05 -39.00 -4.50 36.77
8828109.882831573 2071.30 35.00 4.50 33.59
8832591.483831406 809.10 -11.00 -16.00 49.99
8832591.483831406 63.66 4.50 17.50 36.91
8832591.483831406 64.75 4.50 17.50 0.00
8855279.710054398 1785.81 -27.00 9.50 581.54
8855279.710054398 65.72 4.00 -5.00 34.22
8855279.710054398 70.47 4.00 -5.00 0.00
8916573.591709137 2918.72 1.50 -8.00 500.14
9581927.364826202 9545.88 -23.50 -9.00 709.42
9621633.882284164 2349.73 -4.00 21.00 51.24
9645549.293756485 1855.21 -20.00 -16.00 45.54
9651654.314756393 949.47 -29.00 3.00 31.98
9651654.314756393 70.45 -22.00 21.00 19.31
9725722.731351852 3236.29 27.00 -2.00 41.76
9725722.731351852 67.11 27.00 -2.00 0.00
9743460.555553436 1589.76 37.00 19.00 69.09
9750619.094371796 1015.32 -26.00 -18.00 43.82
9795169.857263565 2495.73 16.00 -7.00 29.03
9795169.857263565 66.95 16.00 -7.00 0.00
9795169.857263565 70.43 -13.00 -4.00 29.15
9795169.857263565 61.96 -10.00 -12.00 8.54
9800384.64975357 857.71 -9.00 -11.50 21.57
9800384.64975357 65.48 -13.00 6.50 18.44
9800384.64975357 61.72 -13.00 6.50 0.00
9800384.64975357 64.89 4.00 3.00 17.36
9800384.64975357 67.90 -9.50 17.50 19.81
9800384.64975357 61.84 -18.00 21.50 9.39
9800384.64975357 69.25 -18.00 21.50 0.00
9800384.64975357 64.78 -4.00 11.50 17.20
9800384.64975357 70.92 -5.00 13.50 2.24
9800384.64975357 68.63 -5.00 13.50 0.00
9800384.64975357 67.89 -30.00 22.00 26.41
9800384.64975357 65.40 -19.00 20.00 11.18
9800384.64975357 72.69 -8.00 4.50 19.01
9800384.64975357 72.63 -8.00 4.50 0.00
9800781.970024109 270.94 7.00 -0.00 47.15
9800781.970024109 65.93 -18.00 4.00 25.32
9800781.970024109 72.97 -4.00 0.50 14.43
9800781.970024109 71.10 -4.00 0.50 0.00
9802168.091535568 464.77 22.00 -11.00 12.82
9802168.091535568 67.96 22.00 -11.00 0.00
9802168.091535568 66.31 39.00 -9.50 17.07
9802578.875541687 272.49 31.00 13.00 30.41
9802641.652345657 127.11 31.50 -21.00 18.31
9802641.652345657 64.69 31.50 -21.00 0.00
9802641.652345657 63.00 -15.00 -3.00 49.86
9802641.652345657 62.94 -22.00 -9.50 9.55
9802641.652345657 70.38 -22.00 -9.50 0.00
9802641.652345657 64.91 -6.00 -15.50 17.09
9802641.652345657 63.01 -1.50 -1.50 14.71
9802641.652345657 65.06 -1.50 -1.50 0.00
9802641.652345657 64.85 -31.50 16.00 34.73
9805104.154348373 623.58 -15.00 10.50 54.50
9805104.154348373 69.84 -15.00 10.50 0.00
9838731.869459152 2186.80 -11.50 -3.50 41.55
9838731.869459152 72.75 -11.50 -3.50 0.00
9838731.869459152 64.91 5.00 7.50 19.83
9839142.293453217 267.65 -19.50 16.50 27.95
9839142.293453217 61.96 -19.50 16.50 0.00
9929428.436517715 3561.24 -12.00 3.50 25.32
9929497.858762741 137.79 -37.00 0.50 6.71
9929497.858762741 65.19 -37.00 0.50 0.00
9929497.858762741 62.50 -37.50 -19.00 19.51
9983453.748703003 2779.30 -38.00 -0.00 23.02
9983453.748703003 68.24 -38.00 -0.00 0.00
9983453.748703003 66.30 15.50 10.50 54.52
11314927.503824234 13515.17 -38.00 -11.00 31.67
11314927.503824234 70.42 -25.50 16.00 29.75
11314927.503824234 68.97 -14.00 15.50 11.51
11314927.503824234 70.45 -14.00 15.50 0.00
11314927.503824234 65.00 4.00 16.00 18.01
11314927.503824234 68.68 12.00 17.00 8.06
11314927.503824234 63.93 8.00 19.00 4.47
11314927.503824234 61.88 8.00 19.00 0.00
11314927.503824234 62.77 6.50 17.00 2.50
11314927.503824234 63.60 13.00 12.00 8.20
11314927.503824234 69.77 13.00 12.00 0.00
11314927.503824234 67.36 11.00 13.00 2.24
11314927.503824234 69.48 8.00 12.50 3.04
11314927.503824234 60.96 8.00 12.50 0.00
11314927.503824234 63.47 15.00 -0.50 14.76
11314927.503824234 64.04 18.00 -4.00 4.61
11314927.503824234 74.57 18.00 -4.00 0.00
11314927.503824234 66.90 20.50 -3.50 2.55
11314927.503824234 80.88 20.00 -3.00 0.71
11314927.503824234 64.60 20.00 -2.00 1.00
11314927.503824234 61.86 20.00 -2.00 0.00
11314927.503824234 68.52 22.50 -1.00 2.69
11314927.503824234 65.59 28.00 -1.50 5.52
11314927.503824234 63.23 28.00 -1.50 0.00
11314927.503824234 61.72 26.00 2.50 4.47
11314927.503824234 65.36 28.50 2.00 2.55
11348623.732328415 2179.80 8.00 -13.50 39.92
11348623.732328415 61.35 8.00 -13.50 0.00
11348623.732328415 66.65 -24.00 -17.00 32.19
11418578.196287155 3124.52 -14.00 16.00 8.25
11418578.196287155 66.76 -15.50 10.00 6.18
11418578.196287155 74.26 -18.00 4.50 6.04
11418578.196287155 68.86 -18.00 4.50 0.00
11418578.196287155 70.54 -32.50 -6.00 17.90
11425470.042705536 1008.22 -31.00 -7.50 54.78
11425470.042705536 82.44 -31.00 -7.50 0.00
11425470.042705536 67.07 29.00 -5.00 60.05
12395224.447011948 11534.83 37.00 -13.00 25.83
12395224.447011948 72.00 2.00 6.50 40.07
12395224.447011948 64.20 2.00 6.50 0.00
12417686.920404434 1791.54 33.00 -6.50 14.50
12417686.920404434 64.04 33.00 -6.50 0.00
12417686.920404434 64.84 21.50 -5.00 11.60
12417686.920404434 72.26 21.00 -8.50 3.54
12417686.920404434 65.62 17.00 -11.00 4.72
12417686.920404434 66.55 17.00 -11.00 0.00
12417686.920404434 78.55 17.00 -12.50 1.50
12417686.920404434 65.15 23.00 -20.50 10.00
12663780.364990234 5820.75 1.00 17.00 579.33
12663780.364990234 65.15 1.00 17.00 0.00
12669042.964220047 883.23 -2.50 7.00 54.39
12675285.050868988 959.50 -39.00 21.50 19.01
12675721.045732498 282.02 -5.00 21.50 9.22
12675721.045732498 61.27 -6.00 18.00 3.64
12675721.045732498 67.42 -6.00 18.00 0.00
12675721.045732498 67.62 -21.00 7.00 18.60
12675721.045732498 64.55 -27.00 -1.00 10.00
12675721.045732498 64.56 -9.50 3.50 18.07
12675721.045732498 75.46 -9.50 3.50 0.00
12675721.045732498 69.31 -7.00 -5.00 8.86
12675721.045732498 69.08 9.00 -11.50 17.27
12675721.045732498 65.86 9.00 -11.50 0.00
14230562.940359116 14653.29 -30.50 15.00 16.28
14230562.940359116 69.90 -31.00 -1.00 16.01
14230562.940359116 64.93 -33.50 2.50 4.30
14230562.940359116 66.83 -33.50 2.50 0.00
14233621.167182922 670.24 -38.00 10.00 24.23
14233621.167182922 70.85 -38.00 10.00 0.00
14372066.663265228 4416.90 -5.00 -22.00 43.83
14372066.663265228 69.81 33.00 -21.50 38.00
14372066.663265228 76.00 33.00 -21.50 0.00
14375148.872375488 709.19 17.00 -8.00 65.66
14390895.601511002 1507.76 2.50 8.00 62.64
14390895.601511002 68.11 -38.50 -12.50 45.84
14390895.601511002 67.91 -38.50 -12.50 0.00
14394004.912853241 702.59 37.00 -1.50 38.71
14397069.415092468 678.37 39.00 20.00 22.01
14611972.902297974 5496.73 30.00 -12.00 22.51
14611972.902297974 68.59 30.00 -12.00 0.00
14629557.826757431 1606.18 -0.50 16.00 58.84
14629557.826757431 63.42 -0.50 16.00 0.00
497900.7785320282 8626.84 -18.00 -20.00 21.71
497900.7785320282 76.56 -22.00 19.00 39.20
499945.4457759857 599.94 -28.50 20.50 6.52
499945.4457759857 85.63 -28.50 19.00 1.50
499945.4457759857 81.10 -28.50 14.00 5.00
499945.4457759857 71.59 -28.00 11.50 2.55
499945.4457759857 76.33 -28.00 12.00 0.50
499945.4457759857 66.25 -28.00 12.50 0.50
499945.4457759857 80.67 -28.00 13.50 1.00
499945.4457759857 87.15 -28.00 13.50 0.00
499945.4457759857 76.15 -14.00 7.00 15.44
505126.17564201355 924.32 -3.00 -13.00 14.21
505126.17564201355 84.69 -13.00 7.00 22.36
505126.17564201355 71.71 -15.00 10.50 4.03
505126.17564201355 71.59 -14.50 16.00 5.52
505126.17564201355 80.65 -14.00 15.00 1.12
505126.17564201355 65.30 -14.00 15.50 0.50
505126.17564201355 73.40 -15.00 15.00 1.12
505126.17564201355 74.12 -15.50 16.00 1.12
505126.17564201355 77.75 -16.00 17.00 1.12
505126.17564201355 68.33 -16.50 17.50 0.71
505126.17564201355 83.15 -15.50 17.50 1.00
505126.17564201355 84.01 -16.00 17.50 0.50
698825.1831531525 10060.80 -34.00 -0.00 121.26
701902.7767181396 690.70 31.00 -0.00 119.79
2827600.3246307373 17185.00 -26.00 -1.50 168.00
56818292.91343689 85850.21 35.50 -4.00 763.57
56818292.91343689 64.55 -33.00 -6.00 68.53
61623061.12194061 26273.47 -39.00 -7.00 1.00
61623061.12194061 76.93 -39.00 -7.00 0.00
61623061.12194061 68.60 -39.00 -7.00 0.00
61623061.12194061 79.62 -38.00 -6.50 1.12
61623061.12194061 72.16 -38.00 -6.50 0.00
61623061.12194061 80.07 -38.00 -7.00 0.50
61624600.5525589 498.51 24.00 -4.50 70.00
61624600.5525589 69.12 24.00 -4.00 0.50
61624600.5525589 66.11 25.00 -4.50 1.12
61624600.5525589 71.64 25.00 -4.50 0.00
61624600.5525589 81.94 26.00 -4.00 1.12
61624600.5525589 66.21 26.00 -3.50 0.50
61624600.5525589 70.05 26.00 -4.00 0.50
61903860.231637955 6349.25 31.50 -0.00 761.91
61903860.231637955 69.33 29.00 -0.00 2.50
61905328.55343819 488.41 25.50 -0.00 171.50
61906065.731048584 362.60 -21.50 -1.00 198.50
61906065.731048584 68.10 39.00 -0.00 60.51
62244968.65582466 6988.98 -34.00 3.50 26.63
62290005.40781021 2559.33 1.00 -20.00 35.47
62320763.793706894 2130.31 -35.00 -19.50 51.04
62320763.793706894 71.90 -32.50 -17.00 3.54
62320763.793706894 71.25 -29.00 -8.50 9.19
62470894.676208496 4686.84 -27.50 -16.00 18.45
62470894.676208496 71.14 -21.00 -15.00 6.58
62470894.676208496 72.45 -31.50 -19.00 11.24
62470894.676208496 79.00 -33.00 -12.50 6.67
62470894.676208496 77.36 -37.00 -21.00 9.39
62812607.66005516 7052.77 -21.00 17.00 9.66
62812679.85534668 150.60 -17.00 -7.00 219.21
62812679.85534668 81.05 -7.00 -11.00 10.77
62812679.85534668 70.21 4.50 -20.00 14.60
62933236.76085472 4183.81 -9.00 22.00 184.55
62933236.76085472 71.24 -18.50 -20.00 43.06
62933306.96988106 148.92 -17.50 -0.00 33.06
62933521.28314972 210.49 -4.00 -9.50 229.47
62933593.88375282 145.54 -6.00 4.00 223.24
63220112.47396469 6453.70 38.00 -7.50 27.19
63311612.65707016 3659.74 32.00 -12.50 14.22
63311612.65707016 70.48 28.50 -21.00 9.19
63331263.617277145 1700.19 -24.50 13.00 58.72
63331263.617277145 72.66 -21.50 19.00 6.71
63331263.617277145 76.23 -23.00 -18.00 37.03
63331263.617277145 74.47 -22.50 -19.00 1.12
63332350.04401207 425.63 11.00 -21.50 6.80
63332350.04401207 68.51 5.00 -21.50 6.00
63374888.875722885 2504.88 26.00 22.00 19.16
63407556.61344528 2195.29 -28.50 12.50 204.14
63407556.61344528 67.42 -36.00 14.00 7.65
63407556.61344528 76.98 -39.00 16.00 3.61
64499346.27485275 12677.30 -27.00 0.50 26.20
64499346.27485275 77.62 -21.00 -0.00 6.02
64501337.359428406 592.37 -33.00 2.00 33.24
64501337.359428406 72.35 -36.50 18.00 16.38
64504625.666856766 730.80 -32.00 15.00 14.14
317069.8573589325 7096.10 -33.50 -0.00 705.30
333934.55719947815 1615.40 -16.00 -0.00 720.40
370226.35889053345 2348.00 37.50 1.00 767.68
443458.9262008667 3335.56 -35.00 -0.00 174.00
1895312.9835128784 14435.71 -29.00 4.00 170.05
1895388.9789581299 155.13 22.00 -9.00 79.23
34731995.958805084 67987.66 13.50 -11.00 40.85
34731995.958805084 69.02 23.00 -9.50 9.62
34731995.958805084 67.69 27.00 -2.00 8.50
34731995.958805084 69.13 16.00 -7.00 12.08
34731995.958805084 67.75 13.50 -15.00 8.38
34731995.958805084 72.03 25.50 -12.00 12.37
34731995.958805084 71.63 14.00 -15.50 12.02
34738587.07237244 1026.61 -36.00 16.50 15.40
34739774.85895157 466.06 -25.00 19.50 46.22
34796341.78137779 2902.11 31.00 -17.00 41.91
34796341.78137779 68.10 29.00 -3.00 14.14
34799696.05088234 741.86 32.50 21.50 31.71
34799696.05088234 78.18 31.50 7.50 14.04
34800464.938640594 377.30 20.00 -16.00 40.94
34800464.938640594 69.87 21.50 -18.50 2.92
34800464.938640594 75.84 12.00 -0.00 20.80
34800464.938640594 64.39 10.00 14.00 14.14
34800464.938640594 68.04 12.00 -4.00 18.11
34800464.938640594 78.18 15.00 -12.00 8.54
34800464.938640594 72.74 15.00 -19.50 7.50
34800464.938640594 74.90 18.50 -19.00 3.54
34800464.938640594 75.16 17.50 -15.00 4.12
34800464.938640594 68.24 17.50 -11.50 3.50
34800464.938640594 68.31 17.00 -8.00 3.54
34800464.938640594 65.56 14.50 -20.00 12.26
34800464.938640594 74.84 16.00 -13.00 7.16
34800681.8985939 212.37 11.00 16.50 35.42
34800681.8985939 74.88 2.00 17.00 9.01
34800681.8985939 75.87 0.50 16.00 1.80
34800681.8985939 71.52 6.00 -3.50 20.26
34800681.8985939 78.38 -0.00 -7.00 6.95
34800681.8985939 77.20 0.50 9.50 16.51
34800681.8985939 72.53 6.50 12.00 6.50
34800681.8985939 86.42 17.00 7.50 11.42
34800681.8985939 73.99 17.50 4.50 3.04
34801177.36411095 318.50 20.50 -0.50 29.92
34801177.36411095 73.71 18.00 -15.00 14.71
34801177.36411095 74.13 20.00 -11.50 4.03
34801177.36411095 74.51 17.00 2.00 13.83
34801177.36411095 77.78 7.50 10.50 12.75
34801177.36411095 75.81 14.00 16.50 8.85
34801177.36411095 75.10 16.00 9.00 7.76
34801628.83520126 299.97 30.50 -15.50 9.62
34801628.83520126 68.87 30.00 15.50 31.00
34801628.83520126 72.32 22.00 21.50 10.00
34873277.13227272 3295.43 30.00 7.50 18.79
34873277.13227272 72.62 29.50 -2.00 9.51
34873277.13227272 79.25 9.00 11.50 24.55
34873277.13227272 69.00 -11.00 20.50 21.93
34873277.13227272 65.18 -26.00 22.00 15.07
34873277.13227272 72.51 -36.00 -1.00 25.08
34873277.13227272 69.79 -32.50 22.00 23.26
34873348.85215759 138.33 -38.00 6.00 9.71
34955478.77073288 3487.23 -33.00 6.50 10.44
34955478.77073288 71.43 -30.50 4.00 3.54
34955478.77073288 70.05 -37.00 -7.00 12.78
34955478.77073288 66.38 -29.00 2.50 12.42
34955478.77073288 69.51 -21.50 5.00 7.91
34955918.09988022 288.31 -39.00 20.00 20.18
34955992.56181717 149.91 -37.50 -0.50 37.34
34958543.939352036 642.70 -12.00 17.00 45.04
34961190.292835236 662.83 -21.00 18.50 19.91
34961190.292835236 76.71 -17.00 3.50 15.52
34961190.292835236 68.57 -23.00 -0.00 6.95
34961190.292835236 76.29 -17.50 -9.00 10.55
34961190.292835236 70.24 -26.00 -9.50 8.51
34961190.292835236 76.18 -32.00 -9.00 6.02
34961257.16805458 140.46 -37.50 -16.50 6.58
34961257.16805458 73.58 -38.50 -15.50 1.41
34961257.16805458 77.66 -23.50 -9.50 16.16
34961257.16805458 82.91 -26.50 -17.00 8.08
34961257.16805458 70.02 -27.00 3.00 20.01
34961257.16805458 80.47 -27.00 5.00 2.00
34961257.16805458 75.83 -30.50 0.50 5.70
34961257.16805458 76.24 -20.00 -0.50 10.55
34961257.16805458 71.28 -25.00 -2.00 5.22
34963885.63323021 665.12 -21.00 -21.50 37.03
34963885.63323021 75.83 -10.00 -14.50 13.04
34963885.63323021 78.33 1.00 3.00 20.67
34963885.63323021 68.55 -2.00 -2.00 5.83
34963885.63323021 72.72 2.00 -6.00 5.66
34963885.63323021 64.02 -0.00 8.00 14.14
34963885.63323021 65.07 -11.00 1.00 13.04
34963885.63323021 66.23 -12.00 -5.50 6.58
34963885.63323021 74.24 -14.50 -4.00 2.92
34963885.63323021 64.89 -9.00 -11.00 8.90
34963885.63323021 63.87 -7.00 -3.50 7.76
34963885.63323021 65.19 -0.00 9.00 14.33
34963885.63323021 75.59 -11.50 10.50 11.60
34963885.63323021 72.83 -15.00 -0.00 11.07
34963885.63323021 64.36 -15.50 -5.50 5.52
34963885.63323021 69.53 -21.00 -14.00 10.12
34963885.63323021 80.94 -17.00 -22.00 8.94
34974995.63360214 1306.22 -35.00 13.50 33.09
34976088.18364143 433.82 -14.00 5.50 23.19
34976088.18364143 75.18 6.00 12.00 21.03
34976088.18364143 73.91 -0.00 9.00 6.71
34976088.18364143 69.14 -5.00 -4.50 14.40
34976088.18364143 67.88 -8.00 -13.50 9.49
34976088.18364143 73.30 -2.00 -7.00 8.85
34976088.18364143 67.64 -4.50 -10.50 4.30
34976088.18364143 66.08 2.00 -8.00 6.96
34976088.18364143 71.91 7.50 1.50 10.98
34976088.18364143 66.22 2.50 -12.50 14.87
34976164.47067261 147.67 5.50 -21.00 3.64
34976376.86729431 206.61 4.00 -11.50 17.12
34976376.86729431 79.42 8.50 -2.00 10.51
34976376.86729431 78.74 12.00 -2.00 3.50
34976376.86729431 72.58 -0.00 -12.00 15.62
34976376.86729431 76.63 -0.00 -20.00 8.00
34976580.022096634 212.74 4.00 -20.50 8.20
34976580.022096634 73.15 14.00 -11.50 13.45
34976580.022096634 70.93 17.00 5.00 16.77
34976580.022096634 70.19 18.00 11.00 6.08
34976580.022096634 68.86 19.00 7.50 3.64
34976580.022096634 69.91 22.00 11.00 4.61
34976580.022096634 71.98 18.50 -1.00 12.50
34976580.022096634 72.09 18.00 9.00 10.01
34976580.022096634 66.55 19.00 19.50 10.55
36716835.68072319 15920.82 32.00 -21.50 20.22
36716835.68072319 67.73 31.50 -21.00 0.71
36719433.55989456 649.49 38.00 -15.00 4.61
36738898.810863495 1703.64 27.00 -10.00 44.41
36738898.810863495 75.20 4.00 -8.50 23.05
36738898.810863495 76.29 3.00 -10.00 1.80
36738898.810863495 74.33 18.50 -19.00 17.92
36740419.18063164 503.64 14.50 -20.00 10.31
36740419.18063164 72.13 9.50 -9.50 11.63
36740419.18063164 70.45 28.50 -6.00 19.32
36740419.18063164 74.12 31.50 -1.00 5.83
38070442.405462265 13837.60 -21.50 -1.50 55.64
38070442.405462265 77.90 -33.00 13.50 18.90
38070442.405462265 76.04 -24.50 10.00 9.19
38070442.405462265 69.59 -17.00 10.00 7.50
38070442.405462265 75.38 -25.00 -17.50 28.64
38070442.405462265 80.69 -25.00 -20.00 2.50
38070442.405462265 67.78 -25.50 -5.50 14.51
38070442.405462265 67.80 -25.50 17.00 22.50
38070862.54692078 274.75 -24.00 19.50 8.06
38071087.482213974 217.99 0.50 2.00 29.71
38071087.482213974 69.25 6.00 -11.50 14.58
38071087.482213974 70.32 7.50 -12.50 1.80
38071087.482213974 66.81 2.00 -13.50 5.59
38071087.482213974 81.92 12.50 1.00 17.90
38072545.61495781 494.63 -1.50 14.00 29.52
38072545.61495781 74.81 -4.00 -4.50 18.67
38072545.61495781 68.97 1.00 -21.00 17.24
38074477.73718834 562.42 8.50 9.50 67.15
38076575.58941841 587.64 38.00 -9.00 10.77
38076575.58941841 63.87 31.00 0.50 11.80
38076575.58941841 68.06 32.50 7.00 6.67
38076575.58941841 72.69 32.50 9.50 2.50
39258451.033592224 13071.72 -31.00 -0.00 193.56
39258654.80184555 213.08 30.50 -19.50 64.59
4685344.926834106 24512.66 26.00 -0.00 474.01
5710435.559988022 11336.06 -37.00 6.00 118.54
5710435.559988022 63.23 35.00 -0.00 72.25
5711092.2474861145 318.63 -25.00 -0.00 221.00
6283892.8945064545 8482.62 36.00 -2.00 155.04
6283892.8945064545 56.85 31.00 -5.50 6.10
6283892.8945064545 60.52 31.00 -5.50 0.00
6283892.8945064545 65.02 34.00 -3.00 3.91
6283892.8945064545 69.75 33.00 -3.00 1.00
6283892.8945064545 66.95 -33.00 -2.50 66.00
6283892.8945064545 69.90 -33.00 -2.50 0.00
6283960.694551468 129.45 -30.00 -2.50 61.50
6284142.215490341 183.93 -33.00 -2.00 57.00
6284142.215490341 64.51 -32.00 -2.00 1.00
6284142.215490341 60.03 -31.00 -2.00 1.00
6284142.215490341 58.50 -31.00 -2.00 0.00
6284142.215490341 63.94 -32.00 -2.50 1.12
6284142.215490341 73.07 -33.00 -2.00 1.12
6284142.215490341 63.34 -33.00 -2.50 0.50
6284142.215490341 69.77 -33.00 -2.50 0.00
6284142.215490341 62.70 -34.00 -2.50 1.00
6284142.215490341 65.97 -32.00 -2.00 2.06
6284142.215490341 71.06 -34.00 -3.00 2.24
6284142.215490341 59.64 -34.00 -3.00 0.00
6284142.215490341 64.23 -32.50 -2.50 1.58
6284142.215490341 58.59 -32.00 -2.50 0.50
6284142.215490341 65.84 -33.00 -2.50 1.00
6284142.215490341 66.37 -33.00 -2.50 0.00
6284142.215490341 64.80 -32.00 -1.50 1.41
6284142.215490341 68.26 -33.00 -2.50 1.41
6284142.215490341 59.56 -33.00 -2.50 0.00
6284142.215490341 59.20 -32.00 -1.50 1.41
6284142.215490341 70.05 -32.00 -1.50 0.00
6284206.247329712 122.00 31.50 -4.00 124.00
26983085.267543793 49737.55 -33.00 -0.00 160.03
26983085.267543793 66.76 -24.00 -0.00 9.00
27091886.062145233 3749.56 -39.00 -6.00 207.09
27100521.49796486 1055.80 33.50 -0.00 132.50
27100521.49796486 58.71 33.50 -0.00 0.00
27101913.74707222 455.88 21.00 2.00 65.50
27135523.510217667 2107.42 -36.00 1.50 42.01
27135523.510217667 62.15 -36.00 1.50 0.00
35411942.363500595 32708.66 -19.00 -0.00 56.00
35436955.60956001 1806.76 20.50 -0.00 75.37
44387962.39376068 33441.25 34.00 -0.00 243.00
44387962.39376068 64.23 34.00 -0.00 0.00
44425282.59754181 2195.21 34.00 -0.00 168.47
44425282.59754181 60.72 38.50 -1.00 4.61
44425282.59754181 64.31 38.50 -1.00 0.00
44425345.08061409 129.60 37.00 -4.00 3.00
44425550.91929436 200.53 39.00 -3.00 65.00
44425550.91929436 75.45 -24.00 -3.50 63.00
46395601.779937744 15988.35 26.00 1.00 757.55
46395601.779937744 61.01 26.00 1.00 0.00
46449411.049366 2638.83 -23.00 -0.00 57.41
46449411.049366 60.64 -15.00 -1.00 8.06
46449411.049366 59.61 -15.00 -1.00 0.00
46449411.049366 63.14 -9.00 -0.00 6.08
46449411.049366 62.80 38.00 -0.00 47.00
46449411.049366 68.41 38.00 -0.00 0.00
46449411.049366 62.28 -8.00 7.00 46.53
46449411.049366 66.77 2.00 -2.50 13.79
46449411.049366 65.63 13.00 -0.00 11.28
46449411.049366 63.11 13.50 -1.50 1.58
46449411.049366 62.37 13.50 -1.50 0.00
46449411.049366 61.10 10.50 -8.00 7.16
46449411.049366 64.94 21.00 -19.50 15.57
46454524.26838875 834.25 -7.00 -7.00 73.91
46454524.26838875 58.14 -7.00 -7.00 0.00
46454524.26838875 61.42 21.00 -0.00 28.86
3364007.336616516 20814.77 32.00 -0.00 145.00
3364007.336616516 68.59 32.00 -0.00 0.00
3364007.336616516 67.69 -26.00 -0.00 58.00
3364076.868534088 132.89 -23.00 -0.00 134.00
3364460.6704711914 259.43 -28.00 -3.00 127.50
16735378.160953522 40652.16 4.00 -10.00 35.81
16921907.098531723 4847.33 -28.00 14.50 41.72
16923230.393886566 436.04 34.00 -12.50 110.32
17419902.669668198 8000.88 -15.00 9.00 19.60
17419902.669668198 62.85 -5.00 -8.00 19.72
17419902.669668198 62.02 2.00 -14.00 9.22
17419902.669668198 69.00 2.00 -14.00 0.00
17419902.669668198 61.18 15.00 -14.50 13.01
17419902.669668198 57.32 18.00 -8.50 6.71
17419902.669668198 59.59 14.00 -9.00 4.03
17419902.669668198 65.89 14.00 -9.00 0.00
17419902.669668198 69.52 15.00 -8.00 1.41
17419902.669668198 61.43 25.00 1.50 13.79
17419902.669668198 57.22 20.50 3.50 4.92
17419902.669668198 68.67 20.50 3.50 0.00
17419902.669668198 66.98 22.00 -1.00 4.74
17419902.669668198 61.70 19.00 4.00 5.83
17419902.669668198 70.11 32.00 4.50 13.01
17419902.669668198 63.91 32.00 4.50 0.00
17419902.669668198 67.35 23.00 3.50 9.06
17419902.669668198 60.90 28.00 14.00 11.63
17429717.95606613 1145.56 24.00 11.50 49.73
17429717.95606613 60.99 24.00 11.50 0.00
17433256.813764572 704.22 4.00 18.50 40.26
17433256.813764572 58.44 4.00 18.50 0.00
17433256.813764572 57.64 5.50 2.00 16.57
17433256.813764572 60.12 5.00 -17.50 19.51
17433256.813764572 61.21 5.00 -17.50 0.00
17433859.852313995 302.59 24.50 -21.00 13.09
17433859.852313995 56.55 10.00 -16.00 15.34
17433859.852313995 57.24 10.00 -16.00 0.00
17433859.852313995 55.45 0.50 -8.00 12.42
17433859.852313995 61.27 -1.00 5.00 13.09
17433859.852313995 63.72 -1.00 5.00 0.00
17433859.852313995 68.07 -3.00 8.00 3.61
17433859.852313995 69.35 -10.00 6.50 7.16
17433859.852313995 64.89 -4.50 9.00 6.04
17433859.852313995 66.39 0.50 11.50 5.59
17433859.852313995 62.03 0.50 11.50 0.00
17433859.852313995 67.23 1.50 13.50 2.24
17433859.852313995 57.54 -4.00 18.00 7.11
17433859.852313995 63.72 -8.00 18.50 4.03
17433859.852313995 63.37 -8.00 18.50 0.00
17433859.852313995 58.85 -13.00 22.00 6.10
17436092.12040901 565.66 -27.00 22.00 11.28
17436092.12040901 71.03 -34.00 15.00 9.90
17436092.12040901 64.11 -34.00 15.00 0.00
17467513.3664608 2009.69 -37.00 16.00 4.92
17467513.3664608 71.44 -37.00 13.00 3.00
17467513.3664608 68.61 -34.50 12.00 2.69
17467513.3664608 61.03 -34.50 13.00 1.00
17467513.3664608 64.83 -33.00 19.00 6.18
17467513.3664608 60.80 -33.00 19.00 0.00
17467513.3664608 72.17 -31.00 20.50 2.50
17467513.3664608 63.87 -31.00 18.50 2.00
17525036.697387695 2739.82 -39.00 10.50 2.50
17543943.972826004 1563.46 -35.00 -6.50 7.16
17543943.972826004 60.40 -32.00 -10.00 4.61
17543943.972826004 57.62 -32.00 -10.00 0.00
17543943.972826004 67.93 -28.00 -12.00 4.47
17543943.972826004 55.58 -26.00 -11.00 2.24
17543943.972826004 66.78 -26.00 -11.00 0.00
17543943.972826004 57.96 -30.00 -9.00 4.47
17543943.972826004 61.07 -29.00 -5.50 3.64
17543943.972826004 69.50 -32.00 -7.00 3.35
17543943.972826004 59.94 -32.00 -7.00 0.00
17543943.972826004 62.46 -38.00 -1.50 8.14
17543943.972826004 56.86 -38.50 -0.50 1.12
17544139.437913895 198.97 -39.00 2.50 4.92
17544139.437913895 63.63 -37.00 1.00 2.50
17544139.437913895 63.35 -39.00 3.00 2.83
17544139.437913895 60.87 -39.00 3.00 0.00
17544139.437913895 69.66 -36.50 -3.50 6.96
17544139.437913895 59.09 -31.50 8.00 12.54
17544139.437913895 63.81 -26.50 13.50 7.43
17544139.437913895 60.67 -26.50 13.50 0.00
17544139.437913895 66.01 -24.50 16.00 3.20
17544139.437913895 61.25 -25.50 20.00 4.12
17544139.437913895 65.72 -31.50 18.50 6.18
17544139.437913895 59.38 -31.50 18.50 0.00
17544139.437913895 59.70 -39.00 13.50 9.01
17576671.494960785 2059.39 -37.00 -3.00 6.18
17576671.494960785 59.83 -37.00 -3.00 0.00
17576671.494960785 61.56 -33.00 -6.50 5.32
17576671.494960785 67.47 -27.00 -16.50 11.66
17576671.494960785 60.38 -23.00 -20.50 5.66
17576671.494960785 65.92 -23.00 -20.50 0.00
17589043.056488037 1272.50 -37.50 -21.00 6.52
17591339.450120926 567.26 -31.00 -20.00 7.07
17591339.450120926 60.55 -37.00 -11.00 10.82
17591339.450120926 64.44 -37.00 -11.00 0.00
17599777.47941017 1048.11 -24.50 -16.00 8.86
17599777.47941017 57.14 -30.00 -11.50 7.11
17599777.47941017 66.42 -30.00 -11.50 0.00
17599777.47941017 58.70 -31.50 -0.50 11.10
17600639.9037838 355.87 -39.00 -6.50 697.25
17600639.9037838 67.59 -38.00 -8.50 2.24
17600639.9037838 62.95 -38.00 -8.50 0.00
20524388.28420639 18981.15 -27.00 21.00 4.50
20524388.28420639 56.96 -24.00 13.00 8.54
20524388.28420639 57.91 -24.00 13.00 0.00
20524388.28420639 65.39 -26.00 10.00 3.61
20524388.28420639 58.12 -34.00 -1.00 13.60
20524388.28420639 66.41 -37.50 2.00 4.61
20524388.28420639 59.11 -37.50 2.00 0.00
20524388.28420639 62.94 -36.00 -5.50 7.65
20534792.081594467 1169.58 -25.00 21.00 16.16
20534792.081594467 74.73 -17.00 6.50 16.56
20534792.081594467 59.85 2.00 -3.00 21.24
20534792.081594467 68.54 -1.00 -9.00 6.71
20534792.081594467 59.26 -1.00 -9.00 0.00
20534792.081594467 60.48 -6.00 -19.50 11.63
20535424.00574684 307.26 5.00 -10.00 12.50
20535424.00574684 62.35 11.00 -7.50 6.50
20535424.00574684 63.82 11.00 -7.50 0.00
20535424.00574684 63.97 18.00 -7.50 7.00
20535424.00574684 57.49 25.00 -4.00 7.83
20535424.00574684 60.37 29.00 7.50 12.18
20535424.00574684 61.96 29.00 7.50 0.00
20535424.00574684 64.97 34.00 12.00 6.73
32976689.953565598 39523.99 -6.00 -12.50 13.66
32976689.953565598 57.65 -6.00 -12.50 0.00
32976689.953565598 56.74 -13.00 -2.00 12.62
32976689.953565598 57.42 -21.00 10.00 14.42
32976689.953565598 61.90 -21.00 10.00 0.00
32976689.953565598 65.87 -23.00 21.00 11.18
32979034.88945961 581.28 -34.00 6.00 14.12
32979034.88945961 58.27 -34.50 -0.00 6.02
32979034.88945961 70.96 -34.50 -0.00 0.00
77834364.64905739 72716.82 -22.00 -3.00 183.52
1042420.5589294434 12575.80 26.00 -0.00 757.07
1279852.642774582 5883.61 20.00 -6.50 230.09
7367474.5144844055 28706.01 -2.00 2.50 57.50
7368503.202199936 409.13 32.00 -8.50 45.49
7388460.916996002 1742.47 14.50 -3.50 67.54
7392346.725940704 790.98 -23.00 -22.00 28.62
7392346.725940704 65.23 -23.00 4.50 26.50
7392346.725940704 69.67 -14.00 6.00 9.12
7392792.7124500275 293.72 -25.50 6.00 25.71
7393817.281484604 420.61 9.00 19.00 53.03
7659853.607416153 6232.01 35.00 -4.00 15.12
7659853.607416153 75.62 27.00 8.00 14.42
7659853.607416153 75.76 35.00 10.00 8.25
7659853.607416153 72.11 29.00 -9.00 19.92
7660931.065797806 435.44 26.00 -20.00 23.69
7660931.065797806 81.53 24.50 -14.50 5.70
7660931.065797806 75.43 24.00 -13.50 1.12
7660931.065797806 76.33 24.00 -15.50 2.00
7664341.881990433 749.91 -1.50 -19.50 16.26
7664341.881990433 72.34 1.50 -20.50 3.16
7664341.881990433 76.32 6.50 -19.50 5.10
7704368.288755417 2423.05 7.50 17.50 17.41
7704368.288755417 75.50 6.00 13.00 4.74
7704368.288755417 65.51 -3.00 -4.50 19.68
7704368.288755417 68.91 0.50 -1.00 4.95
7704368.288755417 69.02 -1.50 -4.00 3.61
7704368.288755417 69.53 -12.00 -20.00 19.14
7706276.567935944 542.35 1.50 15.00 50.22
7706276.567935944 76.78 -0.00 13.00 2.50
7706276.567935944 65.69 -6.00 12.00 6.08
7706276.567935944 67.13 -9.00 14.00 3.61
7706276.567935944 66.31 -2.50 13.00 6.58
7706276.567935944 70.94 -0.00 10.00 3.91
7706276.567935944 71.41 5.00 -1.00 12.08
7706276.567935944 70.37 12.00 3.50 8.32
7706276.567935944 65.38 7.50 -2.00 7.11
7706276.567935944 81.07 11.00 7.50 10.12
7706276.567935944 69.67 3.00 5.50 8.25
7706276.567935944 70.05 24.00 12.50 22.14
7710770.866632462 830.15 -37.00 7.50 11.67
7733889.915704727 1853.91 -35.00 -9.50 16.14
7733889.915704727 70.66 -31.00 -7.00 4.72
7733889.915704727 72.17 -21.00 -7.50 10.01
7733889.915704727 77.90 -27.00 -15.50 10.00
7733889.915704727 69.51 -28.00 -17.00 1.80
7733889.915704727 66.51 -28.00 -14.50 2.50
7734315.096139908 270.60 -35.00 -20.50 9.06
7734315.096139908 64.97 -35.00 -13.00 7.50
7734315.096139908 71.54 -33.50 -10.50 2.92
7734315.096139908 71.35 -32.00 -3.00 7.65
7734315.096139908 66.71 7.00 10.00 41.11
7734315.096139908 74.15 -0.50 7.50 7.91
7734315.096139908 72.41 -15.50 6.00 15.07
7750996.156692505 1594.88 -31.00 15.50 7.57
7761962.01300621 1285.53 -32.50 -18.50 13.12
7761962.01300621 73.72 -29.00 -19.50 3.64
7761962.01300621 73.78 -10.00 -8.50 21.95
7761962.01300621 68.70 -7.50 -16.00 7.91
7762033.434152603 143.73 -26.50 -21.00 14.58
7762033.434152603 73.34 -25.50 -17.00 4.12
7762033.434152603 79.79 -26.00 -17.00 0.50
7772141.088485718 1266.28 -38.50 -3.00 13.46
7772141.088485718 76.84 -31.50 9.00 13.89
7772141.088485718 72.41 -32.50 11.00 2.24
7772141.088485718 72.91 -32.00 9.50 1.58
7772141.088485718 72.89 -27.50 4.50 6.73
7772141.088485718 80.64 -28.50 -16.50 21.02
7775270.94078064 697.47 -32.00 -8.50 12.00
7775270.94078064 69.35 -21.00 -10.50 11.18
7775270.94078064 66.91 -13.50 -21.00 12.90
7775270.94078064 71.25 -1.00 -22.00 12.54
7776009.435892105 367.66 -28.00 -15.00 20.72
7776009.435892105 76.97 -29.00 -10.50 4.61
7776009.435892105 74.35 -32.00 4.50 15.30
7776009.435892105 67.31 -37.00 3.50 5.10
7777053.914308548 414.02 -30.50 -19.00 11.24
7777053.914308548 71.48 -28.50 -15.50 4.03
7777053.914308548 67.28 -12.00 -18.50 16.77
7777053.914308548 70.97 -11.00 -21.50 3.16
7777053.914308548 68.40 -14.00 -19.00 3.91
7777765.161037445 357.87 -29.00 -8.00 149.59
7779742.774486542 555.80 -5.00 22.00 8.63
7825866.042852402 2547.40 14.00 11.00 26.25
7825866.042852402 71.02 12.00 -4.50 15.63
7826283.952713013 280.71 10.00 -12.00 15.53
7826283.952713013 65.33 16.00 -1.00 12.53
7826283.952713013 67.21 20.50 13.00 14.71
7864669.468164444 2384.05 -14.00 20.50 31.20
7909788.410663605 2574.06 35.00 15.00 16.45
7909788.410663605 79.99 24.00 16.00 11.05
7909788.410663605 69.61 15.00 9.00 11.40
7909788.410663605 65.26 3.00 16.50 14.15
7909788.410663605 76.10 -11.00 15.50 14.04
7918333.940982819 1138.99 -7.00 16.50 19.91
7918333.940982819 73.81 -18.00 7.50 14.21
7918333.940982819 69.41 -12.50 -2.50 11.41
7918333.940982819 70.82 -29.50 -11.00 19.01
7918333.940982819 78.43 -38.00 4.00 17.24
7919352.698802948 413.66 -31.50 20.50 7.91
7919352.698802948 73.09 -27.00 20.00 4.53
7919352.698802948 65.88 -19.00 20.50 8.02
8012894.314050674 3653.66 21.50 -14.00 32.24
8012894.314050674 69.18 3.50 -5.50 19.91
8012894.314050674 70.90 -3.50 -2.50 7.62
8012894.314050674 74.98 8.00 9.00 16.26
8012894.314050674 74.78 -7.50 3.50 16.45
8012894.314050674 76.56 0.50 4.00 8.02
8012965.23809433 148.78 -39.00 19.50 4.47
8012965.23809433 73.94 -28.50 9.00 14.85
8012965.23809433 70.40 -12.00 -16.50 30.37
8012965.23809433 67.24 6.50 -12.00 19.04
8012965.23809433 66.74 26.50 -15.00 20.22
8012965.23809433 62.97 26.50 -16.50 1.50
8085773.295164108 3190.26 32.00 3.50 22.20
8085773.295164108 65.08 36.00 13.00 10.31
8085773.295164108 65.91 35.00 4.50 8.56
8085773.295164108 65.79 16.00 -9.50 23.60
8085773.295164108 70.33 19.00 -7.00 3.91
8085773.295164108 74.64 31.00 3.50 15.95
8085773.295164108 74.98 32.00 -15.00 18.53
8085773.295164108 68.82 25.00 -15.00 7.00
8085773.295164108 76.25 38.00 -9.00 14.32
8086836.532354355 425.79 38.50 3.00 16.14
8086836.532354355 73.65 38.50 12.50 9.50
8086913.524627686 153.94 32.50 17.00 13.83
10966870.168924332 20351.42 34.00 -19.50 20.52
10966870.168924332 70.82 31.00 -18.50 3.16
10966870.168924332 74.21 27.00 -3.50 15.52
10966870.168924332 69.16 33.50 -2.50 6.58
10966870.168924332 65.83 38.00 -2.50 4.50
10966870.168924332 71.28 34.00 -9.00 7.63
10966870.168924332 69.44 35.00 -4.00 5.10
10966870.168924332 76.15 26.50 3.00 11.01
10966870.168924332 78.76 13.00 11.50 15.95
10967287.510156631 272.43 -5.00 15.00 32.42
10967287.510156631 70.35 -0.00 8.50 8.20
10967287.510156631 73.88 -3.50 -6.50 15.40
10967493.884086609 202.28 -28.00 -22.00 14.56
10967493.884086609 62.08 -30.50 -7.50 14.71
10967493.884086609 65.70 -26.50 0.50 8.94
10967493.884086609 78.00 -27.00 13.00 12.51
10967493.884086609 78.58 -30.00 10.00 4.24
10967493.884086609 97.25 -34.00 11.50 4.27
12206920.797586441 13326.44 28.00 -21.00 116.52
12211926.57661438 893.73 23.00 -5.50 20.01
12211926.57661438 76.28 14.00 -2.00 9.66
12211926.57661438 74.13 3.00 8.50 15.21
12211926.57661438 69.40 -17.00 13.00 20.50
12211926.57661438 60.51 -17.00 13.00 0.00
12211926.57661438 59.96 -17.00 13.00 0.00
12211926.57661438 65.10 -17.00 13.00 0.00
12211926.57661438 67.09 -14.50 15.00 3.20
12211926.57661438 70.40 -14.50 15.00 0.00
12399956.778287888 5168.14 13.00 -12.50 25.00
12399956.778287888 68.31 6.00 6.00 19.78
12399956.778287888 76.13 6.00 -5.50 11.50
12399956.778287888 71.22 5.00 -1.00 4.61
12399956.778287888 62.83 1.00 -11.50 11.24
12399956.778287888 76.95 -0.00 -16.50 5.10
12399956.778287888 72.75 4.50 -17.00 4.53
12400981.171607971 400.70 13.00 -21.50 5.00
12400981.171607971 65.56 11.50 -9.50 12.09
12400981.171607971 63.15 5.00 -11.50 6.80
12400981.171607971 67.60 -6.00 0.50 16.28
12400981.171607971 63.54 -11.00 -10.00 11.63
12400981.171607971 65.27 -8.00 7.00 17.26
12401194.910287857 211.88 -1.50 -8.50 127.33
12401194.910287857 66.46 4.00 -10.00 5.70
12401194.910287857 73.57 -12.00 -17.00 17.46
12402641.196966171 479.46 -14.00 -11.00 24.55
12402641.196966171 77.75 -19.50 -5.00 8.14
12903036.262750626 8351.18 -6.50 -5.50 35.00
12903036.262750626 63.58 -5.00 11.50 17.07
12903036.262750626 67.23 -8.00 3.00 9.01
12903036.262750626 73.37 -17.00 6.50 9.66
12903768.826246262 372.15 5.00 7.00 63.13
12911291.608810425 1074.20 16.00 17.50 27.57
12911291.608810425 66.84 17.00 10.00 7.57
12911291.608810425 76.59 19.50 4.00 6.50
12911291.608810425 71.23 29.50 8.00 10.77
12911291.608810425 76.95 18.00 -1.00 14.60
12911291.608810425 79.19 12.00 0.50 6.18
12911291.608810425 68.25 16.00 -3.00 5.32
12911291.608810425 72.26 27.50 -14.00 15.91
12911291.608810425 65.54 28.00 -9.00 5.02
12911291.608810425 75.16 28.00 21.00 30.00
12913287.954330444 574.12 37.50 14.00 15.98
12913287.954330444 72.81 26.00 14.00 11.50
12913287.954330444 67.19 26.00 5.50 8.50
12913287.954330444 70.55 39.00 16.00 16.71
12923994.415283203 1270.27 31.00 13.00 213.24
19339309.861898422 29477.25 -23.00 -14.00 134.00
19364613.039970398 1936.46 -1.00 -4.50 106.60
19372926.639795303 1124.72 -24.50 -1.00 138.09
19377719.92135048 850.72 -17.00 -7.00 183.10
19436309.52358246 2923.68 -27.50 -2.00 145.25
19751816.045045853 6575.62 -37.50 -0.00 701.86
40041930.31549454 51359.85 30.50 -0.00 761.03
40041930.31549454 65.22 -15.50 -0.00 46.00
40158859.723329544 4101.11 -9.50 18.00 23.05
40158859.723329544 70.47 -32.00 7.50 24.83
40368891.96777344 5478.18 -26.50 5.00 58.35
40428527.41026878 2905.83 -29.00 14.50 16.62
40428527.41026878 74.07 -35.00 12.50 6.32
40429370.9397316 487.53 26.50 1.00 40.11
40429792.49835014 287.17 1.00 22.00 11.72
40429792.49835014 71.46 -8.00 1.00 22.85
40429792.49835014 73.81 -6.00 2.00 2.24
40429792.49835014 72.21 -3.50 3.50 2.92
40429792.49835014 78.87 -6.00 -0.00 4.30
40429792.49835014 74.95 -20.00 -0.50 14.01
40429792.49835014 73.24 -19.00 -7.50 7.07
40429792.49835014 81.57 -34.50 -4.00 15.89
40433796.42081261 805.35 -37.00 1.00 10.63
40433796.42081261 68.01 -27.50 3.00 9.71
40433796.42081261 70.92 -6.00 9.00 22.32
40433796.42081261 77.18 -6.00 14.50 5.50
40433796.42081261 77.77 4.00 15.50 10.05
40440330.082416534 1016.21 -38.00 -16.00 19.24
40519504.55737114 3450.87 27.50 -6.00 15.34
40523938.40622902 820.74 -25.00 -17.00 22.52
40523938.40622902 68.88 -6.50 -0.50 24.79
40523938.40622902 68.07 -2.00 7.50 9.18
40523938.40622902 68.59 -8.50 12.00 7.91
40523938.40622902 71.40 -28.50 3.00 21.93
40528723.54388237 879.83 -31.00 8.50 14.22
40528723.54388237 80.97 -32.50 12.50 4.27
40528723.54388237 75.34 -35.50 15.00 3.91
40541117.810726166 1378.16 -38.00 -8.00 10.01
40541117.810726166 73.24 -28.00 -0.00 12.81
40541117.810726166 80.15 -26.00 -9.00 9.22
40541117.810726166 65.83 -27.50 -7.50 2.12
40541117.810726166 68.70 -39.00 -8.50 11.54
40562854.63809967 1804.89 -39.00 3.50 18.82
40562854.63809967 64.82 -21.00 18.00 23.11
40563568.60494614 364.89 -12.50 1.00 32.44
40563568.60494614 82.54 -18.00 -22.00 23.65
40563568.60494614 73.11 -20.00 -17.50 4.92
40563568.60494614 82.65 -25.00 -20.50 5.83
40564664.68644142 437.64 -31.00 -22.00 13.45
40564664.68644142 70.21 -28.00 -15.00 7.62
40564664.68644142 68.96 -28.00 -6.00 9.00
40564664.68644142 68.60 -37.50 -12.00 11.24
40596500.96201897 2243.41 33.50 -6.00 39.39
40596500.96201897 79.42 33.00 21.00 27.00
40596954.588890076 292.77 31.00 19.00 14.16
40596954.588890076 75.02 39.00 11.00 11.31
40596954.588890076 67.62 38.50 3.00 8.02
40597029.562711716 150.84 11.00 -18.50 12.82
40597029.562711716 82.45 1.00 9.00 29.26
40597029.562711716 69.63 1.00 9.00 0.00
40597459.55944061 300.49 -14.00 -17.00 38.63
40597459.55944061 73.62 -23.00 -6.00 14.21
40597459.55944061 76.16 -20.00 -8.50 3.91
40597890.39969444 286.89 -7.50 9.50 36.91
40602498.76451492 847.05 -17.00 -10.50 34.86
40620964.32900429 1658.72 17.00 20.50 26.87
40620964.32900429 73.06 8.00 8.00 15.40
40620964.32900429 70.74 8.00 6.00 2.00
40620964.32900429 72.77 8.00 -0.50 6.50
40620964.32900429 64.46 -0.00 9.50 12.81
40620964.32900429 64.26 -10.00 8.00 10.11
40620964.32900429 76.23 22.00 9.50 32.04
40631990.715026855 1305.14 39.00 -22.00 1.41
40633108.44755173 442.90 24.00 -7.00 20.72
40633108.44755173 66.73 23.00 -6.00 1.41
40633108.44755173 77.72 21.50 10.00 16.07
40745187.72697449 4083.39 39.00 8.50 7.83
40745187.72697449 71.43 34.00 20.50 13.00
40745187.72697449 70.43 31.00 20.50 3.00
40745187.72697449 74.91 34.00 20.00 3.04
40751531.62693977 980.31 32.50 12.50 17.33
40751531.62693977 69.51 34.00 7.50 5.22
41130080.88374138 7408.17 16.00 -18.00 14.53
41130080.88374138 65.24 5.00 -10.50 13.31
41130080.88374138 65.08 -9.00 3.50 19.80
41130080.88374138 69.91 -10.00 15.00 11.54
41130080.88374138 71.87 -7.00 8.00 7.62
41130080.88374138 69.10 -0.00 7.50 7.02
41130080.88374138 66.34 6.00 13.00 8.14
41130080.88374138 73.37 6.50 11.50 1.58
41130080.88374138 65.21 5.00 15.50 4.27
41130080.88374138 62.56 16.00 13.00 11.28
41130080.88374138 68.78 16.50 8.00 5.02
41130080.88374138 70.72 22.00 6.50 5.70
41130080.88374138 68.89 22.00 8.50 2.00
41130080.88374138 64.22 35.00 -9.50 22.20
41130080.88374138 64.89 34.00 -5.00 4.61
41130080.88374138 70.44 36.00 -14.50 9.71
41144889.51468468 1485.06 17.00 2.50 50.15
41146855.38840294 557.22 -24.50 21.50 19.53
41146855.38840294 70.41 -13.50 9.50 16.28
41146855.38840294 71.59 -12.00 3.50 6.18
41146855.38840294 73.15 -14.50 -22.00 25.62
41146855.38840294 67.37 -10.00 -8.00 14.71
41146855.38840294 66.44 -1.00 -7.00 9.06
41146855.38840294 76.33 -23.00 -19.00 25.06
41147963.04345131 440.64 1.50 -21.50 19.01
41147963.04345131 74.75 1.00 -8.50 13.01
41147963.04345131 70.19 2.50 2.00 10.61
41147963.04345131 67.22 4.50 1.00 2.24
41148028.99837494 134.56 -30.00 -7.00 704.78
42057440.31691551 11428.42 -36.00 -20.50 47.44
42060117.88201332 673.35 -19.00 6.00 31.54
42060117.88201332 76.40 -30.50 9.00 11.88
42060117.88201332 75.72 -34.00 5.00 5.32
42060117.88201332 75.86 -36.50 7.50 3.54
42064133.78596306 795.48 -34.00 -7.00 81.18
42064133.78596306 71.45 -20.00 -3.00 14.56
42064133.78596306 78.76 -15.00 -2.50 5.02
42064133.78596306 71.22 -12.00 2.50 5.83
42064133.78596306 70.23 -10.50 -5.00 7.65
42064133.78596306 68.65 -15.00 -5.50 4.53
42064133.78596306 78.27 -16.50 -7.50 2.50
42064133.78596306 71.77 -16.00 2.00 9.51
42064133.78596306 73.63 -18.00 -1.00 3.61
42064133.78596306 75.01 -25.50 4.50 9.30
42064133.78596306 73.87 -34.00 3.50 8.56
42065199.437856674 416.00 -38.00 -5.00 12.53
42065199.437856674 67.39 -33.00 -12.50 9.01
42065199.437856674 70.74 -36.50 -13.00 3.54
42065199.437856674 69.66 -37.00 -21.50 8.51
42065413.34962845 216.17 -38.00 -1.50 10.82
42065413.34962845 78.20 -19.50 2.50 18.93
42065413.34962845 76.13 2.00 5.50 21.71
42065413.34962845 73.28 14.50 14.00 15.12
42065413.34962845 67.66 22.50 -12.00 27.20
42065413.34962845 69.18 24.00 -19.00 7.16
42065413.34962845 76.59 19.00 -21.00 5.39
42069326.69329643 790.43 36.00 -16.50 10.30
42069326.69329643 70.55 35.00 -7.50 9.06
42069752.58588791 288.90 32.00 21.50 10.00
42069752.58588791 75.95 12.00 -20.00 46.07
42069829.78606224 154.46 2.50 -9.50 15.51
42069829.78606224 74.40 -16.00 10.50 27.24
42069829.78606224 70.56 -18.50 -12.00 22.64
42074537.88280487 856.19 -22.00 10.00 69.38
42074537.88280487 67.83 30.00 -20.50 60.28
42078554.52013016 801.43 28.00 7.00 58.05
42079673.597335815 441.49 35.00 11.50 23.52
42079673.597335815 67.58 29.00 -18.00 30.10
42079880.50365448 203.87 31.00 -18.00 19.24
42079880.50365448 70.50 29.00 0.50 18.61
42079880.50365448 76.66 36.50 11.00 12.90
42079880.50365448 68.32 37.00 19.00 8.02
42084522.4571228 827.46 33.50 17.50 18.12
42084522.4571228 72.24 34.50 22.00 4.61
42084522.4571228 79.89 24.00 1.00 23.48
42084522.4571228 70.93 19.50 -1.50 5.15
42084522.4571228 66.24 18.50 2.50 4.12
42084522.4571228 66.49 29.00 12.50 14.50
42105990.16737938 1771.16 -25.00 9.00 55.38
42105990.16737938 70.97 -25.00 -20.00 29.00
42170590.08216858 3079.79 -16.00 3.00 62.60
42170590.08216858 66.22 -32.00 18.00 21.93
